610682
625038
896402
30512
768863
359920
759646
908688
460649
220877
681175
835311
264259
688834
446143
324561
646747
922999
357647
765270
360007
494284
848989
156100
167494
890059
756653
314061
625377
99036
101932
969662
889958
379393
479225
405840
773710
996962
399270
551879
883915
966147
182596
693903
43330
80647
253934
209458
533352
767605
932956
988302
769809
553112
70443
449325
496416
169681
125417
312205
352374
595483
534690
536649
398933
558179
468314
86947
200204
287458
320976
432533
374482
554631
536653
946539
895954
281499
613979
609644
384462
254820
389716
681202
517876
113282
948307
247860
338847
971477
755802
808511
176828
976602
863953
307765
159617
981981
284340
275203
536164
474409
878305
983909
284235
778253
362416
786251
723947
493974
274358
36921
112068
249854
999704
264662
436969
59014
205641
503057
890400
802453
278724
938011
735232