15683
47384
26532
52948
74850
30345
10762
21681
3621
83212
12727
18246
87504
21975
29973
90022
5847
8494
56198
2780
75738
75726
58354
84949
8172
17944
28049
95798
35813
14577
23344
90762
82024
46689
76036
51840
40510
50210
70114
19605
19050
19541
4361
12789
77668
45211
77557
36039
20386
94978
55098
96567
25237
76698
28417
76293
99235
42475
60274
36707
100849
13286
69261
45620
82955
40142
19463
52175
25165
31780
3843
60975
69633
15025
34302
71257
77995
5093
85584
82102
77479
100643
54831
85064
60420
32596
32302
91607
48578
41583
92024
66451
48948
43396
46619
67419
53760
17118
40847
8254
64959
37075
58058
100830
44693
9107
69890
32633
22314
3391
63828
3664
9541
84170
16341
13765
2920
75152
2077
70435
78846
26711
54317
78924
3325
58003
17393
17872
25792
88908
64975
17718
9366
297
57873
88505
29180
82293
78741
73670
46393
38814
65662
28859
23009
90575
24569
39474
52543
74061
3475
29344
5722
28310
46882
36292
30890
32853
71113
44401
47213
14540
28672
854
24384
61715
51879
64564
43499
96012
85504
49752
66994
96417
59676
80322
77473
79056
64451
55014
58498
68891
11975
90429
23313
23268
13654
97722
19050
95383
100491
3446
59446
36117
60305
32043
65787
91498
88398
88203
21077
23453
48615
27552
62786
74743
8659
5804
65569
52194
99628
20501
1985
95502
92799
5066
76558
64087
23046
42882
57345
48545
82441
94203
77113
100349
54243
65191
58946
21048
92540
64048
89173
79216
40146
11013
52132
16357
49437
9839
93459
84328
50547
92598
74856
13130
75874
90357
40808
4663
44321
6108
11734
4998
55939
79740
65308
88429
52500
63012
78513
72959
45807
73136
42440
41102
21965
70451
70930
35110
67010
76910
54987
47246
75171
47250
52416
36592
38337
46874
2614
33184
26341
809
7072
11272
99599
21644
18018
46177
20534
25603
23533
83282
65070
98415
26894
85798
25332
68303
49918
41778
76178
100606
13650
41957
42037
14768
78316
58817
80809
96760
35848
94863
77366
48286
1319
76622
7432
5722
37112
11060
27268
18577
100232
34189
77697
53425
13436
10061
28045
91163
95077
75481
98491
13048
79035
23788
13025
3335
37151
82842
2355
3259
78768
21632
39188
4620
66307
100273
73580
69631
7699
39885
21159
100719
93134
82548
1294
12170
78624
66301
33231
74223
61925
28931
39367
14824
82661
32376
19459
28452
37003
48021
85806
7128
12604
64638
70815
93282
62924
854
61489
29161
80402
35969
9808
49583
49840
83697
24277
36035
79660
82774
47357
31971
38171
80620
69594
99110
60013
18423
39809
40401
84439
60601
66638
47661
43478
14768
20534
25784
22534
47310
89724
11539
43906
80034
38068
96205
56708
23381
79611
100894
36115
97527
57904
86215
18684
16908
98756
79993
26750
73481
78694
53507
62681
18236
19089
94129
74634
38152
9551
38670
24271
80182
4694
79666
9214
54837
64862
45367
15167
46208
24012
24939
6916
83843
11582
90877
85432
67512
55867
24199
57538
55162
43924
73707
12022
42177
31077
72893
87950
99046
6388
13989
71740
44508
64677
59129
84988
77364
42278
10248
23202
80511
19901
1331
68067
79812
94871
64194
82583
25979
69006
78180
62369
18871
27085
25924
6959
912
81693
97794
21243
89138
6326
12234
71109
18090
9911
70924
52397
22386
94908
37149
50761
68262
8694
21128
89169
14612
5514
14914
98978
85031
39885
92347
66821
44627
79666
85013
33324
43240
18690
94904
48605
57982
9506
98682
10881
38148
49211
55312
49879
55875
94651
33250
18209
94643
92242
2850
13677
39688
40557
72118
42547
57795
24941
53355
89286
63199
90094
99089
66932
21188
41260
32489
53933
39262
99786
69374
40806
28933
31042
1964
46200
57448
41871
97309
77401
12612
6476
22458
38814
52860
65117
8542
21568
11761
12131
11642
18172
86770
64219
21274
51507
22830
72301
50767
12575
79185
18908
84585
45766
31488
26423
79481
20236
52578
43402
43774
84733
76848
7286
38886
89093
29044
95755
76443
20199
95048
99895
8616
94057
35182
2688
38884
78591
98082
39186
86205
69968
63341
52804
92098
27821
30785
4696
58077
39885
39225
88912
36524
83771
63859
41034
23667
96569
48827
76593
27089
78030
60533
72100
4400
80536
67158
80293
97605
62714
85068
53468
889
15210
47402
188
57203
83884
84540
12612
44255
38181
16082
28551
11839
81399
6766
25749
89971
80100
24123
59234
46878
66305
593
81868
6990
49176
3329
18764
30487
21751
42510
86096
14873
66087
84098
58833
91977
81025
49067
52019
5031
93829
11087
55376
9364
25533
21901
30290
16505
22162
29198
79364
79685
69436
72470
24421
100569
55199
60683
73598
91019
55302
75736
46140
27644
39887
49361
97112
80092
37883
11391
57234
98592
5697
8696
78102
99864
86049
34376
50800
83288
48512
26493
34249
57055
60038
22306
19272
70601
13913
74106
2994
73255
19539
62823
61752
50751
37579
74774
35482
7923
1816
14653
75179
97564
77771
79475
1555
9658
27116
8441
89387
90653
2815
96631
63886
27311
78992
20871
85504
37106
82756
28857
54652
46619
9911
86429
54044
33850
18061
70961
26271
93831
26898
86729
41182
22705
88203
4548
7510
57392
93171
76480
31297
94347
29564
63201
24756
83249
11321
86345
18820
79847
33447
89231
35922
81432
36099
58502
17983
95159
79033
59162
28088
9284
50582
66642
59943
70268
74338
10505
27673
72299
79000
63234
26265
29936
47768
25788
72858
87463
68669
11845
75919
64811
37336
21428
98600
75703
209
51454
449
45320
31007
98230
86244
17099
73927
36662
80404
35256
8108
91315
24789
28193
13695
18458
62887
44165
31593
85508
36448
3812
61086
100183
43955
76040
37926
29217
10762
86057
78112
23681
77705
21085
81868
10725
8069
91950
38333
47873
75808
45698
76515
36892
71259
71487
37875
43332
47624
18719
88951
70817
100195
26639
80955
82176
26090
40590
31344
75818
42695
53355
92201
50029
31178
9212
7255
16390
47355
49326
5251
47717
21278
86916
54056
66772
24312
45608
78741
16756
85235
2141
36292
70157
76696
3335
77613
53275
15582
59565
44434
13467
36738
33147
94271
47199
31190
76799
36855
54424
74698
78663
33250
9255
74036
29712
88135
51102
8659
23418
30031
26565
53061
36487
82182
57086
90910
68780
36966
98345
75477
32713
11619
15095
91562
21862
41250
3999
9802
96645
25091
13436
60157
65255
55205
60537
46210
62340
71555
43980
91393
32972
32343
95720
83755
84920
99636
19163
53563
67705
60307
17206
13973
90760
55762
98380
35558
86363
75555
9843
42329
78807
34263
62897
39834
52971
53727
63302
60718
41180
51727
53172
40775
90534
28746
50270
9658
42407
18754
55279
94756
98092
10322
38485
16312
40621
99903
10466
85827
65010
77958
37073
25749
45846
23605
66120
25083
47754
80737
64745
96049
68667
32668
82246
78686
56165
26086
82774
40502
52206
86086
19671
38549
44508
23973
45182
50677
35258
54241
68223
848
57041
39371
15268
30561
91525
50027
58344
83171
74776
7845
96606
12248
96168
38771
24865
38263
16758
61592
27145
89985
75812
87648
54977
25165
47879
8659
365
23124
82764
96530
76517
65933
32639
33266
39073
72519
47986
67121
41519
54500
1076
42999
92273
93837
65939
55168
49396
65641
63678
35552
97159
65828
52833
55910
58052
5278
27005
21040
57789
85724
38405
76521
39521
64858
72225
55024
89097
84865
33083
41686
26345
13323
24859
29161
73699
20865
24534
87315
97492
100232
90563
77103
91348
91821
53281
82141
53205
89313
81841
31786
57719
14908
14727
42442
39143
5107
9496
2402
34781
42325
44621
76630
51583
18912
72988
2540
53318
32518
25200
12285
89212
29155
98935
92984
1504
57162
79103
67271
94423
96742
93132
80240
34434
72040
82256
92487
36302
70628
39776
31603
41546
14240
64048
60905
86382
68001
6215
44239
37690
72667
30158
36707
27453
43795
100384
23274
15872
73555
66928
78215
66825
13319
28380
25332
17691
48282
70484
24888
76258
69966
17097
5888
68969
16719
59869
25792
33443
47583
25603
31342
30068
45217
14546
43367
375
87862
19208
96427
17757
24382
93393
98717
93352
44397
45801
2663
35850
24148
75627
98082
89580
95307
62716
53322
76289
66116
91535
97611
34851
91424
70595
94055
34078
69565
70525
48876
84507
11839
98750
76034
93274
21868
75522
83181
33361
63458
93759
74593
17950
19800
60418
74957
97346
71594
63711
15095
24906
30779
9847
46810
71693
27825
23825
63756
56615
29642
6795
55207
44424
30298
97461
20351
29856
57226
76367
10026
91274
69222
15062
82174
99942
48689
58798
83954
12211
11915
79625
3516
84067
88417
65894
47984
68040
39180
16914
31303
10069
31153
58095
2700
42767
69152
99566
33704
25821
53906
5734
36117
12493
37151
54506
1109
22012
69857
78324
67119
45585
71185
43254
52350
28012
73183
5477
26886
95899
8692
30195
97868
18302
51464
81179
25044
37593
21054
13167
16799
88061
22417
26787
46358
95492
74579
54761
96462
40103
42130
2184
35447
4147
95011
66120
69113
46617
33971
81989
17155
75631
78963
97494
24898
16055
94310
62424
99677
88575
887
78316
23566
35359
12955
54689
9290
85243
70036
65045
68381
20937
77956
97278
21792
100238
77177
38282
90682
42111
86178
49863
11691
82032
99961
6550
94908
54985
41550
20022
186
57197
96423
62924
11613
5629
68149
62572
31340
84281
49988
41371
13321
50541
93981
7954
33250
47135
11243
34970
34191
36115
61592
76326
16581
44473
86244
8842
55384
4038
9245
7288
56498
13510
18719
72895
97942
56089
74626
84614
6509
51396
30557
51842
74476
33638
66262
70963
4291
70823
45211
17062
53378
71485
66527
38000
3662
52872
68708
14947
80071
57049
98859
14760
98345
37848
63312
51022
7173
64848
18760
17313
73442
6772
70924
77703
91424
100812
83654
7105
51750
5508
30522
36078
87529
13985
31159
28791
65008
58235
47505
1800
15897
29523
47133
74320
13381
21576
54541
82618
32818
37260
40029
26415
63923
34853
24536
16647
57756
5814
98941
34119
24166
2624
80129
35525
16127
59645
65491
59978
62887
77586
45435
15656
41552
68305
86789
60572
2817
74410
3954
96160
82441
8053
81054
45326
60907
85843
96980
89358
73263
37003
83459
62675
59867
29864
16869
55688
15027
32103
8663
63713
87247
96057
60712
74357
14988
49322
92242
97638
29383
22754
63310
68159
33599
44218
42251
81331
48465
79880
92542
35924
95383
11654
80258
2073
35149
75874
32224
35371
4848
91465
87876
97757
4443
70332
19671
69452
31511
84986
36691
57559
72784
18275
73777
26378
90353
46792
36999
16608
66143
10803
73099
26421
93235
85948
56428
66484
21311
52611
33819
16244
7144
31562
63978
46103
15541
32325
32154
72367
73709
22941
45585
68301
82497
36633
22898
52802
29365
56348
41842
15093
61123
50391
8034
59446
593
52134
57201
71337
35821
262
1670
45772
97056
90205
92166
25554
3666
92653
41667
34479
65189
54950
46954
12104
31227
82571
98271
85243
61121
54574
50915
21095
42397
47098
29973
65376
72118
48021
57929
42249
95831
90526
41778
79037
53470
44072
69298
86287
91981
40144
80517
93208
24851
13208
26528
33484
69547
91831
34927
21163
76001
68120
28707
65366
33630
33509
84466
11095
28921
55209
17681
16131
69991
24074
36115
82916
17868
19393
91173
13208
91835
51057
20836
70786
19903
80174
81434
37336
74998
35373
77000
23677
776
71191
64307
66114
25813
27755
84550
3551
20041
3629
33780
44469
34524
43026
99858
39036
43441
91169
1660
35264
61156
87066
31897
82435
17321
85280
70186
96347
8178
23605
22314
20133
53822
89194
21864
34226
30919
36765
65417
91451
70934
77177
92501
95531
24569
25821
29484
48364
48068
84838
51505
21755
55022
100267
28181
35256
38771
12651
70003
50011
67594
6513
83208
8135
92672
336
98203
76258
34545
59298
36041
66418
36099
10495
22121
57608
87389
95798
62831
31067
69333
83508
44031
90281
78694
35988
25603
35005
11901
4147
26571
12618
36635
79814
31823
58336
71008
43293
69703
95040
49511
89157
32925
71693
56093
336
50677
44590
33379
19019
24666
32629
15648
27969
95011
5253
39817
38074
94493
86616
26162
60083
9734
73506
43766
84273
61456
15241
92357
12984
51690
95348
68675
17393
72488
100565
5981
2511
52611
96890
95299
14542
86252
25184
22388
22224
80731
88396
4517
48397
9366
96939
83547
41920
65080
98536
10396
12577
32230
4667
60052
71113
48058
86271
17537
39217
3438
100602
53281
37408
5810
83214
73374
51240
12098
11642
1335
34183
95344
11687
48568
11687
8875
80252
51355
79442
65752
35887
7477
12466
29862
33488
33638
42843
4439
84431
9506
51394
64301
77703
5475
92649
45367
6766
95648
52878
20497
28670
97496
100347
100859
10986
8589
80470
42241
60083
18277
69337
68965
20115
6351
87132
15247
93422
80552
25535
63820
15948
97075
59520
29227
99266
69448
25155
12538
8135
65785
2106
30123
49135
36699
26528
81590
82065
40290
12951
24684
72663
45620
81619
66587
72626
33110
98555
80018
63382
26976
89167
14799
22791
22682
79759
68782
95307
98458
68593
12875
65929
19570
44403
16378
85919
86881
97046
97790
84725
66264
84287
92725
68926
18910
60535
39108
3886
20466
73107
96528
15543
16279
77446
51351
61740
79294
41406
97120
63711
49098
29751
66268
100822
77625
87985
64673
94501
2474
69150
36477
48543
31782
80517
52535
18783
4297
29307
8807
22094
63302
3074
74077
16359
57567
15021
19208
8916
54354
92688
27486
73321
34693
98608
59795
79549
95311
8182
20686
76743
86252
84028
68782
75208
59049
8248
38738
14982
100234
93272
93868
29883
68482
51579
10986
29069
79841
9144
75144
66231
90396
99381
27642
65047
76589
44397
2846
17911
19134
54761
48586
84096
32732
64755
98000
38962
97352
97607
63719
74626
87580
39293
56985
31077
10213
51158
48687
17648
86141
51649
33842
58529
32510
51472
68899
57242
56449
25720
80721
85321
41256
47509
78924
18947
91321
22049
15128
94234
77584
99443
71228
41256
88581
45583
65641
33081
84949
11475
21077
50761
5518
21502
27200
41807
87138
66550
80659
47542
73004
89675
2318
1849
47616
85946
64192
41546
10176
57349
55080
73366
66451
95130
90600
92791
15054
79144
39244
50060
58085
21650
12696
2476
49271
92170
53499
3919
68807
89989
3954
16244
91681
73654
62305
50954
75000
47653
32380
68340
98756
63380
43166
95237
17798
96791
88842
37961
25636
100970
5325
4811
24341
51462
8550
59678
58206
27934
30600
69372
58792
100201
46956
30374
99266
12308
85062
73481
62418
96238
39850
78254
70669
30047
53941
63820
27747
49655
24234
26156
74745
68819
52434
35151
57608
55421
48693
18986
60899
95352
51916
99013
55209
10532
32224
44876
56578
39809
83551
75985
4982
79031
22890
14427
5204
47577
61351
75039
85615
37912
519
45803
67382
41649
81128
93097
62675
77002
79995
97297
24386
57596
35877
96721
26894
76291
55686
6813
53053
90168
10495
32376
7993
34516
53240
90466
98536
6647
93319
16353
26717
85284
18376
28635
13352
81732
58979
49063
30748
49770
9808
26423
8811
85391
82581
10731
67419
90571
35815
60387
57466
1448
13317
88768
37743
94799
89025
87243
10770
5697
83237
74108
90466
57682
28376
54461
80842
55941
74558
98629
93056
2517
62229
65678
19280
54025
22750
39587
45571
93864
69711
45291
72597
23426
84505
62118
75818
85206
28308
62124
29638
50936
24777
30771
65746
69892
85841
51727
44886
42590
88176
59234
69851
62266
24421
96719
59279
51096
76799
29624
62196
74246
83578
4630
87985
13317
14279
48753
71929
31675
65403
49655
13973
59717
25332
75183
50872
85134
963
2437
47172
31930
86392
79810
28454
53836
6739
30263
83508
76700
283
83948
100415
71668
87547
87208
32296
44535
49390
23936
98555
63306
38148
64640
52907
65306
56985
99159
2778
18984
98452
46212
43996
29975
34738
38551
34559
7693
92487
11064
51392
46866
45645
60712
79142
80065
27895
45838
29155
6215
38919
46880
634
11658
86992
4353
14861
18579
10098
3703
93348
45534
60278
79773
62054
61970
32251
50354
3475
61906
88949
17691
81734
99192
6795
80990
7551
50650
42286
48064
46843
9950
92947
62120
54895
19560
2188
55279
4916
93496
49575
4723
56375
95611
89613
63010
49984
74369
62270
66560
56829
61978
85576
67142
1703
91685
79915
27348
38884
96668
8809
73855
53018
90168
31151
3362
14244
39480
84698
91044
14575
84879
63117
30512
48901
62194
55725
21817
32925
39040
46140
79915
71518
68297
2836
16341
5884
9321
8955
51503
19243
93161
3479
19465
68007
5553
41332
99568
69454
38736
89860
78945
76410
17459
17535
28086
98937
4881
52687
51575
65218
57316
98711
26637
35967
56689
49614
69917
3512
68266
47365
72963
45978
83615
50751
3403
17062
49544
27159
70926
95868
2410
88121
83173
15054
47394
12178
66965
58463
52578
48841
17278
82330
60422
77072
92460
3068
22454
70519
76815
75699
12690
2737
84912
16526
81183
76392
66860
86271
44249
65123
39700
9251
37739
14248
66229
4990
62379
30230
39515
60601
2852
41778
61423
55207
14392
38257
9471
42553
84357
2928
38222
24604
25823
97418
56422
85864
72223
62159
76073
69970
49844
54580
29488
21498
74042
23646
93800
19091
88137
92799
67931
68482
31447
10725
1837
43850
24088
90581
68046
93126
84318
31817
9541
32417
27182
13317
36561
13691
18939
99036
28088
29897
65421
74172
68819
88875
68373
41250
35396
83903
90022
9987
2883
30068
89823
71045
40664
49357
33852
44033
10511
15648
94908
37478
2741
8622
78961
55386
56650
25221
64819
37616
53803
45844
31780
31622
93570
66262
7923
17171
71598
30438
76663
39889
31817
32380
9541
23609
61935
67154
32222
68955
42870
50806
19124
53131
90649
47215
86762
95198
32413
57536
32890
45885
17755
67707
36432
20189
51020
63635
14655
81128
92302
52502
2585
34230
76998
52691
9658
13539
37523
40037
55170
43513
30964
65292
97611
15646
6092
76702
4324
28228
70001
15241
34596
57721
25570
69779
14232
69596
3890
96049
45542
91469
2215
53692
73820
97120
439
11839
94719
79315
30974
12583
88505
11021
8071
8922
4365
20984
53499
14546
38631
29344
65267
25461
69117
27975
23667
3576
53026
98604
32596
36337
97420
92505
26849
4110
45102
33297
10273
29784
57567
4815
99420
83765
70782
31373
77335
69306
59945
75148
1888
22758
47614
815
9921
88248
26678
87284
4073
53281
94242
69557
36594
72359
8437
65273
9397
94421
29673
7387
58983
75596
88248
78992
94982
56942
98415
33229
11099
19017
24526
46837
97274
56763
47791
29735
95502
29077
95167
91015
7732
83808
36892
42105
40224
54173
66714
82172
19163
83459
99348
92727
48280
21054
70739
39554
71526
98970
25050
69191
61199
76484
8585
23675
56648
20092
15611
37764
10170
56796
57092
76295
26493
98121
43474
24795
95019
52208
4334
57719
52138
58052
85695
22454
33632
97905
90392
34999
86020
87547
70521
66893
54387
51509
72922
63164
80110
19716
92421
36781
51651
10544
99862
13418
6702
88945
38409
28970
81029
7387
9580
4071
34226
82914
87576
50060
26156
43176
33928
72334
100822
68262
16207
84088
443
4221
29558
44664
46919
15874
83249
81508
20688
18055
11798
60677
53727
92388
14279
21077
12530
87206
23685
84661
25934
52693
70747
95165
96417
61053
96602
71076
87693
5545
15950
59939
95640
96826
50617
25459
23165
77956
65014
20277
31418
45363
93393
12947
86196
43369
74301
51139
26600
45108
75522
73099
16349
34487
59483
74034
85913
12466
65744
59123
6774
99868
88435
72926
22454
60683
36894
65596
84211
49686
10439
96421
5093
9473
83052
27330
43137
9800
30563
2373
38152
11642
63458
7368
95344
89424
20643
59312
81323
47355
55302
75812
68971
17432
16098
15120
56126
18117
100265
94826
33708
9066
32341
14131
92867
87023
1929
65269
80665
87685
57756
83218
58706
3847
31932
76521
15023
31416
72480
53386
32337
89210
72303
10209
19819
95979
42553
67816
59643
94226
70028
58537
21126
41219
40364
12474
49160
21233
37669
88690
24935
43844
37336
38000
58576
30898
55166
22682
63232
14916
25747
3220
13936
91276
18608
73072
1853
97309
13576
10579
22127
23899
96752
76614
67750
72036
46286
64848
15582
99788
27052
96643
26822
45729
1060
16600
90692
14501
26598
22520
90211
47096
12285
41696
77294
26857
38518
33702
68007
97085
65376
93272
4287
73744
88879
61444
49345
96125
19056
92053
98711
39441
88824
14129
35671
84365
7510
98349
66523
18542
40761
8914
92388
16304
59534
10976
25739
19050
93689
55505
58502
8809
97903
55172
15138
61904
94351
49324
77255
3576
64274
91872
45283
23348
97346
23091
79685
2957
19597
17720
36740
76225
68186
2334
88945
23120
68252
96612
98943
66087
41435
18279
83101
15981
55828
61904
91093
92310
76630
26861
73080
11771
99381
66449
27515
23422
64046
86472
42167
29375
84014
100775
68303
16304
34485
38401
100117
5204
93093
48724
43026
69935
16431
50769
95685
95420
6729
26941
71962
78686
94460
60237
49234
88392
33377
50473
15508
30082
14398
77257
42923
98532
6581
82766
20756
96935
100830
94906
23971
68303
18228
17321
96972
66344
5251
54724
73987
46237
18754
44140
83366
75763
77917
21052
86653
80696
47717
39075
57947
81025
66901
8768
12768
82585
36337
44695
28119
25081
36592
19868
17985
10178
39184
76552
63043
51357
25675
36033
98111
22423
37188
12026
10355
4883
8423
18014
10283
46623
69325
15796
58085
87381
7249
62905
74959
20871
36520
37883
73812
94781
4184
63824
73629
55203
35928
50862
91488
9956
4075
31992
26158
56837
64552
66303
80367
85804
98051
22018
73228
81547
51612
82090
54562
64455
73479
13469
18538
47583
67678
11619
69084
4809
32970
634
94641
75549
55016
48253
53246
45065
55947
38995
77183
89389
37365
2178
34479
58299
61637
96187
26563
43404
53053
81993
98236
58685
25864
61415
83625
16575
62866
43437
33114
97679
97722
63713
77401
23346
85613
84875
22388
2445
60165
40814
2332
96495
5925
9689
12807
17132
2262
20604
5249
86320
13428
34228
28598
75372
33038
56050
31194
33858
7584
64375
70445
76437
96647
66190
88355
59668
37735
12435
52173
3650
40588
37069
71372
18538
11467
96242
28493
37476
86984
27052
1781
82914
34335
59594
56687
6215
44105
28051
29005
83070
18390
89617
46578
41996
31118
34997
40436
78731
22612
51306
52083
70560
42888
71372
41815
91025
63865
14417
46311
924
19874
20234
45867
56757
54646
5627
37149
60975
69931
16131
24232
53207
18353
44886
70379
17241
84581
37110
74480
38652
28154
11401
68474
53209
11989
58200
44993
65454
18976
97083
61273
27922
29309
9615
81179
8692
29920
80735
51285
89950
59497
94966
24047
70001
17498
97482
68307
75763
95788
6402
32598
90970
98333
27190
60712
61481
72334
12863
59417
45254
60667
75516
77031
1319
38401
37061
44660
46163
11510
74998
82322
15749
80141
523
73629
19745
90655
79288
64975
68149
41369
74628
41731
3518
8733
81288
80846
89905
1372
79993
90349
9504
73738
15537
83329
99517
46545
3298
45801
8032
23459
94943
94279
63382
93313
66268
32115
82250
53061
19609
60348
53507
13913
95169
87648
96900
51620
32935
49916
46216
14910
57337
47199
42991
25192
43166
34337
17377
6661
100008
42101
98454
40481
87685
9995
82548
33675
40662
55228
52730
43324
72743
7588
25533
98647
75226
94018
62050
4737
50101
38364
82312
38333
29661
23790
62083
43145
70634
28049
3847
4871
30789
18828
6776
66677
70632
92501
80406
89638
23755
68632
76667
97794
41926
93720
41408
48864
2258
1294
98676
17395
32269
42103
17202
88684
94273
74669
44913
92057
26191
82661
82877
36331
48876
67637
46393
12733
59464
14871
48105
75808
92059
48473
72780
27858
12844
11068
48586
71004
74262
46919
35262
84022
42574
61721
71775
50136
86805
92170
59567
51647
84394
13430
82034
84400
76992
62091
72597
77261
96129
48975
90156
16390
24051
100368
63972
2965
79516
45470
14121
96460
21648
37560
63968
21788
33258
80032
89870
56208
13206
86937
90871
98111
89276
15987
64490
98497
38847
38993
16045
18635
75660
34487
49133
22224
34962
33509
3849
24234
69898
44757
53727
61867
44035
32888
62638
54280
76108
40220
71249
63491
77964
64899
68564
77058
86908
39143
54354
72817
88988
75259
11549
40835
77058
63006
38578
66932
98750
45143
7366
3076
78916
2515
56833
89101
31190
20902
26680
83060
88010
25451
99073
31714
6480
5436
97718
86614
51343
65086
65528
24333
36074
64599
23305
65117
89175
52393
67919
65662
77438
92982
75855
42241
92902
35599
17463
59530
95825
97749
97749
68889
61092
35003
65524
2595
82090
40847
83348
51723
13761
87759
28933
71629
77187
98310
74519
10799
38923
27494
70527
54858
52317
74924
24974
9607
18281
59750
62525
96343
97862
42035
87140
9995
91239
63273
2844
77551
64786
30820
61407
4920
90896
90423
22423
9134
19391
40325
74560
75652
21529
97903
33340
69339
49394
8661
17348
20980
12686
69888
76963
38152
75995
99932
9140
20836
2663
77407
11025
93060
26713
44831
25570
64085
8842
23683
98088
92423
14135
8922
48808
7660
26183
32481
24999
19348
67890
9985
86583
14396
8439
17356
34524
22306
74515
54839
8283
7247
82766
96446
84030
2219
77849
37439
56560
6992
39593
86429
7142
7033
81276
52759
66159
92024
65415
44331
22536
71775
7767
68447
64700
30530
44128
90536
26123
58936
70673
12947
84939
47873
519
68003
37671
54385
91839
27848
47429
56126
20501
97741
36035
57203
36481
27042
65662
18986
1481
62496
40664
23130
630
25562
14057
89942
90830
87169
86725
9216
3183
77880
22974
69639
45733
48290
42286
66846
36668
77960
35063
49764
88731
80840
25529
33924
24160
76733
86690
72704
79514
12616
59164
84437
34886
57203
53949
69999
80622
98832
21455
67789
2258
26452
23527
27459
47394
79142
45478
8180
3549
68597
26627
25009
3650
38837
4665
100894
41258
8441
95494
100117
47439
97424
51320
51988
84361
46214
86400
86396
35852
85198
39778
34041
14433
93430
26826
83621
7582
64774
2889
77095
33038
80659
27821
95040
82904
33702
17352
66229
66753
76104
13621
94273
92799
68634
12398
92497
36561
64562
26183
67670
97529
53721
77502
97646
32769
41665
43731
81697
28773
52687
6887
74741
42878
70813
71335
23241
20386
63257
49567
66743
89730
50319
48985
71518
63783
11658
88688
14509
23161
48800
31112
35486
49100
37449
26750
9064
24277
47805
82690
28565
39815
9547
12651
89305
57945
50946
43544
8544
24275
39110
58019
41176
37040
3816
17802
49133
2022
21309
690
54021
44954
80618
25739
82875
51417
73284
67216
66439
59419
75039
77613
72667
25860
1329
67974
69991
36929
66153
15391
57686
38374
67341
99461
10986
3442
87504
79660
23463
70176
78480
80435
44794
367
62054
32750
49248
65232
78698
89138
84659
37357
52763
16945
77956
56687
69769
39400
7017
1666
71767
69148
64416
72988
22717
56056
58317
78279
3695
58975
48769
75853
28230
88945
1660
16415
97163
100164
3107
81849
31548
24378
79660
17432
56352
73035
5812
12618
8918
43766
10254
65302
12197
23870
89646
31640
31116
67668
1041
70819
94314
79403
13280
4474
62091
52054
98777
73479
66188
27145
17710
50393
49020
76476
44214
45571
83171
25085
94633
16392
49322
73247
85508
57244
661
69483
37112
42251
43990
55532
77183
43731
6807
87321
20540
47357
90830
86731
41955
33671
7027
98518
48617
6922
62605
42806
27079
81771
30598
94645
30413
57892
28600
23646
11325
56079
95239
88577
34674
81590
18080
53433
14546
38035
84727
82250
65086
25184
24793
26088
55487
72967
93350
3553
12135
2363
99155
49322
9847
28491
77555
66085
34738
22499
75660
25599
23535
14240
75216
88417
8719
4032
95013
34378
17868
1187
34078
43922
9950
21496
54722
52948
53092
3068
7064
74885
66143
29486
56428
74447
86937
61719
57018
21161
35470
22279
84359
68969
86585
89009
24047
27751
65569
74112
74706
39651
40255
17007
11140
62192
69296
7350
24185
22039
19274
6092
26082
5216
83508
51505
85210
78108
39478
54007
39369
64527
48309
20828
94799
31770
73444
65787
4959
46845
66011
87159
99973
5471
63857
31297
95685
62120
79989
71878
13021
93755
88316
57795
94207
86544
33406
30746
62233
30456
19874
6332
7498
49766
53727
63119
69565
10772
46101
92536
38631
92061
6665
2554
28413
94238
77923
82102
67415
34520
84947
46697
12361
56235
17488
56642
887
27922
60496
57199
72961
40890
25237
76577
36635
11124
75919
1520
73518
47511
31825
1775
81294
45511
98867
73662
16351
16316
56613
25348
89905
64087
8396
39001
3798
59980
73247
53945
65273
93309
59049
74994
86620
83829
76957
2503
70665
90978
59612
28633
49612
55524
1142
45581
2480
55943
40325
68340
92791
67713
37819
67898
83286
55431
37293
56239
37741
41036
217
80628
4550
20423
54303
11138
35262
27034
97741
38148
468
63867
50177
99940
99973
50656
47236
15506
67631
62387
1995
4252
36580
48356
186
89395
4879
63678
94795
34452
10059
51836
7831
74587
21410
57976
79882
5921
94086
63754
91498
74254
45957
71076
70229
63639
59832
78659
61567
78515
7693
24906
579
75773
60683
97753
42925
74262
28822
20606
20240
68749
43147
87769
42286
9880
75925
85952
54543
37704
54054
34600
20129
69970
27486
43548
97903
91985
81181
41332
14277
98777
6314
53341
78472
77368
83695
16941
60977
39367
19634
65269
51096
37663
60611
14914
66928
26302
65376
47680
62901
52027
6293
61481
84505
81654
49910
33083
44510
4001
4992
28218
33046
69709
72264
32300
79477
37260
10472
3475
25675
62126
14583
68377
94863
35330
67676
1744
40333
53762
3510
78918
30670
91118
17192
71265
96557
89021
77292
38911
35301
100553
45659
41735
78474
41593
17280
53201
30857
43883
12951
73966
63458
6554
100635
63902
9847
97278
28337
43217
96088
42870
99868
31862
5107
19311
5389
26306
62971
23720
11393
35969
84768
83060
62566
25858
22530
48901
39484
38855
19831
72636
3259
92941
30448
55791
89757
75763
87319
26863
44952
89944
15905
93831
31225
8164
32481
56171
22427
53316
61999
100565
73368
3331
74447
90877
42463
96195
30559
37706
95907
74817
71027
14170
15572
2519
95457
34286
1401
45291
20485
29011
33562
76404
15083
81514
29338
84209
34518
98495
29081
68484
19753
38292
75333
53610
33554
23371
77518
63960
34407
96205
82178
33916
23307
5436
82809
53119
11864
41659
40280
61491
93422
32436
4733
50650
13954
87389
51727
37151
89461
51353
74653
7436
91533
97379
3849
57419
16045
72634
40407
69557
13122
79144
12252
8256
12102
54506
13169
24092
3594
77428
70001
86641
48839
20538
40917
449
19597
24037
62424
79588
6287
58056
73557
55538
34516
99192
98421
75738
78517
45772
66788
5771
71744
39910
97342
35118
44072
69076
73913
59793
36672
69339
95235
85531
75148
60050
73183
83800
2587
67487
9765
80511
8842
24645
85765
70889
93755
59816
22610
85247
56531
99562
28859
50541
15833
57125
17311
24203
75631
86345
61567
92265
99901
2778
38146
54019
78112
26417
60574
51544
76918
80030
5995
98271
7609
51137
92651
16057
71925
16540
52430
7054
46619
62274
17459
89872
35260
61269
8770
88797
91829
99850
86805
71374
81843
49914
18756
47137
62346
35926
69080
83471
74301
42148
2963
5407
82053
56837
76474
87685
13654
56531
45511
37369
81915
67859
17710
49100
77255
64718
35747
69602
84326
87802
48013
94392
51472
93537
30261
5919
8285
70519
47772
8809
26627
81029
72221
21648
54876
10285
98528
38370
82616
41996
24306
70823
8994
79547
88472
22020
25825
89467
70149
67771
29439
41427
12725
30524
34411
58354
17979
88316
51877
6092
8437
41552
42851
95093
80474
35704
75522
58463
75652
12390
34582
42740
53168
31486
71370
19054
37665
97490
83286
94347
69746
69446
67631
94131
94686
53721
91646
40074
58835
92316
59168
44535
3584
1364
85253
85473
71119
37336
93496
50946
60827
69304
3002
61425
14388
1777
79777
97942
5438
85103
42037
3442
57205
75255
77962
45618
28265
65939
95492
31186
36913
89656
7553
35729
3409
47990
48290
83144
40481
45098
38041
72521
19153
10873
73224
62165
90832
49752
97083
38633
38849
48208
69561
37478
97815
27638
59752
96310
54348
28082
10653
50064
24643
50502
64710
10495
75699
3919
39106
76521
16452
33340
98974
68081
7730
14546
58336
99712
37332
54876
11948
10902
69380
29338
81033
35330
75586
41106
9212
68712
91093
89093
73555
68780
59195
73662
61999
7136
60753
88575
52749
39780
36395
61999
98867
72840
52541
56724
82875
44997
66856
39848
21687
54757
93052
78667
19911
88380
74889
27007
99646
41258
14616
9247
64116
41110
19276
11615
77843
99790
54044
38666
51195
62346
24415
1886
76881
38736
25720
41776
55943
17611
21130
97387
4770
8172
47088
80885
37624
64087
55795
24497
53727
73701
40594
96423
90912
32111
6850
2965
12059
23445
81547
45098
41924
74283
71693
67676
64264
64755
26861
32337
53020
9915
55125
15656
2850
39698
90836
85835
67919
37967
33443
27486
29521
33891
96538
23796
64605
44440
22349
97642
68192
9027
77218
74332
56161
76628
11027
39258
62829
21831
58161
75855
91839
16795
9101
12470
98419
71619
78996
34407
6733
19385
56309
12363
93940
29679
1812
68963
79368
47067
43437
83171
25307
5019
63199
99155
25529
68932
190
97124
22608
85428
2696
31264
9654
63820
93350
57569
89461
10026
44218
89564
93486
80702
83031
67966
99784
33879
50619
32296
88205
3224
2813
17613
22832
8431
26680
25924
62860
77446
96014
43400
21609
57721
5619
811
46218
34002
58613
1777
73043
75960
74003
59501
81979
83136
61454
19872
67376
13245
82291
72729
82616
100931
69150
56354
34397
93042
99554
25675
36703
82801
30668
36999
42068
1627
48763
55838
14951
99480
82252
9290
19759
26524
86766
31149
25498
7623
7175
64478
61310
57976
64227
29786
70632
74961
19350
76593
47137
34339
31786
57865
53386
48142
97741
16129
48991
66928
29120
63380
87833
43924
39809
81105
54155
91496
11911
96014
52823
84283
82585
90859
67820
6369
69859
57355
54562
42327
23790
8581
39920
44140
77773
100867
31601
48802
20242
29675
69399
14573
39910
17021
66790
97936
88232
83810
29048
93348
69927
75740
43587
13455
70229
11987
73337
78737
55117
46506
9237
26310
18836
65736
62036
92569
65744
79175
83993
98349
38356
63606
68895
51980
45386
65717
68548
59306
38660
80326
8137
81364
44508
55246
9837
3132
57041
95685
42574
98456
37739
57614
61306
85697
88431
66790
9434
37449
82324
93597
91165
76622
80143
69448
31005
54389
60833
37219
98312
27751
40436
55830
41871
57055
67446
7202
73736
91167
8548
85175
98197
24795
75356
46212
63900
40391
38245
69526
6055
56389
46656
46247
83436
60274
42434
93391
35375
97570
29521
71968
28144
29784
54654
46866
44839
2696
91987
22261
42148
72410
49844
34261
95085
82497
41733
92688
78959
4221
80129
96454
79278
69487
92059
72227
17060
48956
70965
2365
34633
82840
2334
46362
79035
46837
33817
68971
75993
10324
72848
34933
90785
32047
39445
33305
2032
83397
8211
27566
52539
10096
2626
62305
36851
70628
39408
63820
54685
94168
34370
16351
33412
67853
15058
4398
92984
43850
702
44068
14195
7919
44646
53651
35671
70897
52167
35702
81325
60607
19757
65119
95052
37850
57162
4106
50140
54763
81321
1255
38592
25235
6250
30966
66862
93348
65958
85138
14949
98637
26232
30670
40475
90057
100236
88084
17720
31227
53970
88059
59495
94976
73004
24222
56206
43026
27811
8875
26886
46623
53822
82250
74698
82922
41256
49141
77214
9767
93981
46919
72887
26257
5658
50288
10579
41739
65606
76922
76626
29632
81956
55875
13455
40588
94133
63561
7064
85915
16433
39961
93309
27755
19718
43840
5105
39799
52572
7917
93794
9985
57534
1775
49209
13317
40177
15356
38405
73617
83459
16840
28230
81905
20497
55610
45587
57818
17710
3362
16127
57569
17056
66587
67785
66229
44656
99192
93054
35636
91872
8256
9031
52432
13138
40179
66069
40502
10990
59760
70149
42508
86398
92135
47770
30271
83321
79212
59974
36298
67308
60186
26456
10252
95352
91942
44247
41955
74077
57493
92302
764
25165
41279
61086
91192
93644
57744
58632
12063
62122
63119
64126
85576
77810
97315
42366
76593
85613
22787
42810
26937
27145
68046
35626
85734
64311
80772
67002
78918
12353
58899
32489
87617
14797
16090
4143
3483
82285
86316
55832
87056
73372
82468
69785
43182
8587
71154
32522
3290
27015
17502
40806
68363
27124
11457
73173
38444
67179
88803
8176
68889
2992
98312
96094
94053
93977
91132
95864
21687
97046
19531
57312
959
42315
78258
3475
92758
58198
22310
29120
8844
69781
54500
37624
13502
16470
53489
77999
71508
50987
89099
50011
2696
3261
53859
91868
96865
43774
97241
65865
55320
64155
44921
11395
2614
61828
43474
30158
70706
6729
58457
11617
30343
11882
13060
33149
62636
44247
59941
78141
57612
47355
628
57318
99239
64827
17755
38068
76704
77446
70361
2110
22277
99414
66819
95714
75181
96612
31747
36950
5473
20263
11290
6404
74075
72517
92764
21225
85286
35256
31270
67308
72258
49207
19089
60046
26933
8774
22150
39661
47435
10920
78030
25924
78842
82682
37410
89722
65415
61606
85362
14454
44802
23529
70147
65310
42218
62562
34693
68488
52416
71082
29936
84363
18080
89909
40177
29120
41741
9023
67596
64264
84310
48087
46284
68079
42693
39369
86139
58862
14836
2073
61458
34804
80842
81136
3255
41184
64155
68895
57715
90577
64492
65051
7072
89934
57271
19206
91391
56615
6807
65865
50214
21200
49826
52463
90452
48656
26857
17535
43474
29965
87093
71304
64052
27644
80774
72926
94127
70743
19967
28859
79771
31844
77409
42962
32703
45275
34152
86696
57797
30660
25903
84698
93134
41852
25525
29457
39188
56868
64266
65563
74521
69917
91940
4094
69041
61090
14842
75633
60196
47577
73746
10544
49065
44886
31712
19967
21204
92127
8546
11420
13062
16951
68673
55688
70075
54245
37885
3666
68157
25868
35359
8544
1660
61851
18127
2848
53059
16507
86028
38004
89987
4180
96195
90172
73255
65197
82774
79648
62850
26045
81693
69894
45959
35079
99492
31928
37476
63571
86511
97445
22150
13983
100012
31603
38512
86618
61592
9089
22386
71339
52416
61296
64529
89490
96797
27163
43959
91611
23718
48975
47986
81625
21681
65080
87029
36395
4959
6092
61047
29083
71746
4293
48841
81142
19648
52249
11619
98201
48726
85173
40872
71374
62535
74737
90024
42426
50428
49242
69372
63302
20164
81847
99461
2258
98602
10361
29033
16211
30078
86842
57867
45478
88417
31786
29523
81773
10170
3255
13765
60679
80661
52535
63417
3391
67933
39772
73929
40851
89500
62052
67158
9508
61832
77779
98203
44362
73004
65491
19241
88986
5960
60862
65600
100627
98865
47772
25714
30374
13093
6102
28824
96353
61684
40738
55968
75707
1298
38259
47694
100713
97971
35782
85808
20966
22493
93042
49881
68932
33184
95679
92614
41182
51723
46175
73888
86752
30898
9469
53933
62681
95646
16838
36136
93679
72285
54710
330
52942
65049
87730
81960
45838
31854
92014
71629
68326
66490
98236
57162
63012
97564
69261
21706
8885
54985
65419
67639
5625
71785
69158
38740
39032
6951
72519
59232
45063
25377
51528
4844
8460
58891
78922
81405
58385
34487
46432
70858
44107
56944
5296
76332
16914
60050
42218
74875
41546
81216
42255
48798
6065
19235
22076
73413
23889
77835
23568
63608
27712
184
98571
19385
6295
62332
32185
19689
40111
63195
90647
47984
21607
36742
70768
57855
83023
83911
5878
10363
54535
73728
56578
39180
33813
91504
66048
19426
36857
13502
91909
61055
55466
43137
23455
40257
53838
34582
49974
43439
70042
93648
38504
90164
5407
29936
41316
50122
23792
99755
41180
88723
84801
58609
95568
83884
87206
22816
47957
14028
5510
6367
16655
11467
31564
70564
72998
12604
54385
19239
67896
71812
54019
22752
86063
7251
86252
45100
14805
1037
73109
10287
69600
66414
41620
47433
6254
52646
68891
75097
21909
70007
20382
33221
15500
28010
3777
73329
58724
35044
62605
46658
9325
1403
81251
74885
57947
40847
90748
78149
90127
63933
80980
97231
7995
6702
62905
39772
53904
46364
41139
32485
100970
78583
86355
59754
31344
77761
16538
19204
15971
60498
35665
36370
40594
12244
74402
99017
66342
60605
38689
15064
17089
95862
72445
15167
23533
80832
64377
26904
67049
97868
77658
11467
6211
14542
75078
44029
88509
85430
63294
57892
55464
100931
88166
1594
19309
66336
44697
76371
60194
71582
95780
38148
57456
64792
98748
5888
83126
66564
95714
95572
97017
73968
14649
60424
28606
40296
81329
40401
43768
37624
39624
19498
13650
28600
41739
52934
52286
11716
44997
22631
80400
15823
21862
24162
29418
52500
89500
94199
6879
57754
91654
27700
67631
82164
8729
62165
73485
4402
73111
949
43248
86766
99229
23163
10433
83991
83839
98347
45061
90133
21243
91831
10881
78106
31593
51686
67623
55873
7072
90908
26197
63859
26405
9533
30491
70373
86139
39404
16799
50175
45875
81212
71892
49953
1282
76776
99488
71635
13915
48428
57641
32113
68149
75255
35858
83660
40962
920
70971
91208
1218
100606
30382
13029
68081
29782
17192
31712
95447
57170
61666
13566
76482
38070
6914
17352
72225
79991
18968
69483
3843
21161
55941
69002
78922
9919
87913
5921
23601
61051
59643
96310
58685
20571
23519
58165
27050
84433
92606
7882
63754
24310
85282
31484
74036
39996
74848
52471
48652
28968
52424
28454
45620
42518
65789
28193
998
80772
2474
70517
64196
27568
26084
34411
57390
47807
77473
75442
14797
78834
4852
92057
48656
99961
96423
40631
34878
64903
98162
94939
38592
19940
73331
78591
5183
49567
25266
42477
91134
18429
75948
52097
8844
11179
90100
99496
21424
77512
82476
70887
93983
32859
46467
28588
90762
91506
87319
83290
96824
4176
53390
64034
71261
50284
2293
27301
79769
95373
39521
48732
61125
10513
9533
84840
22830
37671
47865
12797
73816
8254
2955
82904
29488
84102
98444
23241
65635
63146
86873
7878
87798
69191
23572
63859
49067
21854
62564
69078
43953
49396
31363
93782
39400
99350
72581
59890
38962
51129
30586
35036
86616
48531
31640
84468
47984
87136
88018
40317
40068
36078
12842
77169
84098
88657
50354
83878
3650
46547
26162
82141
9769
4585
97048
34674
19204
84248
46434
32485
13023
17644
54054
61604
37153
12881
37996
87132
84606
20501
41842
7177
22902
92949
28004
63756
60408
15841
86400
1814
48060
46253
75152
35589
76920
78149
55649
46730
13284
29048
84988
23089
78106
29714
71888
29262
61721
32002
25239
43145
38366
90801
38890
19644
18783
77962
89138
60272
44255
32732
49429
91650
27192
58317
47606
92867
83171
11728
7325
20721
6295
63750
62307
20577
93868
6618
29365
20090
4548
50862
83327
50798
27367
29373
62276
42146
81683
3925
926
78772
68881
48753
77031
17488
75514
37223
96705
10030
62011
82141
83625
71249
8700
84606
29603
86318
2836
112
17837
62940
76817
34035
38734
54389
39003
3549
52726
11919
65678
55020
74587
54081
24637
6696
76256
47513
65528
59306
38220
46829
94168
95973
98370
34693
9290
60231
67197
54574
85734
96902
25675
35706
2295
69598
12456
49456
84320
14676
63232
43881
82400
85985
71888
48689
15794
87323
79685
48401
64996
23307
9311
61555
58720
98571
3958
78184
28820
34701
35227
40253
6203
17942
92612
72042
79880
69635
70301
85991
49838
1816
9695
30228
49988
28263
65678
54052
10139
6832
97371
93652
87574
57133
17839
19042
90240
74930
46403
97307
72673
29638
31048
38319
74961
29936
60981
59902
26265
75964
74667
69637
53910
46991
27640
47102
49400
95455
90285
94752
94707
28267
69411
63195
45692
16563
96610
94493
26750
53542
11837
21753
83765
47733
39112
27996
92760
40317
32559
48494
38744
61610
40555
67598
96826
75467
20984
55320
75296
79886
93792
29772
24629
57199
20423
50058
6028
93537
54572
71226
69177
8542
86733
20559
96826
75514
85502
76762
9644
3816
18709
49505
41511
34894
88501
8978
13140
60667
18431
4001
89796
62342
92688
60091
83989
48058
12466
61053
41176
12575
34557
50356
27375
64819
4036
476
90242
86616
89724
40773
78922
26859
94980
40290
41955
42475
94538
91802
30267
27486
25311
35895
75742
11105
23870
25776
29634
7590
97531
19726
81547
42401
62788
50019
80250
97533
4482
12988
39733
45135
19243
72433
3095
67635
51094
67935
83432
71627
46533
79590
14577
55376
77148
86690
90766
88472
100664
14170
52726
98684
68474
72227
69750
91391
1257
8803
21965
38146
83144
55499
72821
9325
44101
18462
97161
40512
49653
50658
96935
53464
97749
11027
29381
79625
91502
90127
17839
47910
59345
60667
25455
38337
17278
86100
14353
13321
5072
91385
22123
78879
42993
74449
17983
34335
85584
28010
30528
20754
74739
83504
55791
67748
14912
1148
86382
96493
22483
81921
22536
44804
19907
50870
58595
8620
85730
56866
43330
14018
71672
86538
73703
71037
52948
69565
63489
73783
72293
51799
91646
45883
86211
37996
29083
43624
39334
42808
97607
65156
15056
1294
1467
34076
35404
26310
51170
54683
14690
10347
54169
49102
94092
15319
46699
32261
96345
96853
3956
84614
93948
46459
30376
18129
73440
69822
33634
65158
32222
9726
30678
12063
55388
97461
39075
75958
44165
86984
46364
87835
4879
5845
70250
29272
15874
33821
44720
48952
24129
69888
293
29418
52056
79278
20092
9958
7734
16684
87360
71927
32631
63312
62714
34043
24164
24962
58040
36524
24721
91385
83621
90396
63978
38403
92302
24785
86100
32222
54541
77724
12361
65929
27708
82217
15574
28156
4850
65789
98074
6462
61308
63970
8645
50471
28896
99488
53055
57411
74394
95539
49285
63643
50138
18207
60607
41848
51573
67039
5181
41741
100935
49123
10365
26080
30401
25494
73224
89360
55614
3144
37291
57234
35819
3999
11767
11175
81239
51581
73707
81738
49507
42907
34668
95743
37482
5327
80287
93981
64858
50973
88213
36255
98312
72930
96943
61349
75993
61016
84180
74595
20349
21077
64811
80106
51565
22567
28746
80665
36136
15157
73261
4996
44584
89212
98384
47651
92265
64459
75588
15800
84766
40625
6924
35780
5401
37628
29558
52165
5442
5611
34370
19274
81997
98222
11068
84361
62083
17167
35042
89175
33184
97017
46917
60120
72192
61937
7183
55339
68011
90386
20606
81255
54021
70704
54019
9356
80332
16867
4141
54983
92314
560
89911
84877
5111
96643
57762
79660
88380
59501
48621
69448
84250
86472
51758
1812
49419
13436
37630
29225
82400
64644
65493
11161
60112
48689
86955
79444
26598
71296
2482
2961
87011
10433
45877
57684
97408
67783
84698
79019
70739
95605
82587
58040
26382
63900
58132
18018
52909
22945
20797
61045
66379
58938
85619
86466
86067
60852
86133
21048
55094
49503
47791
11652
77921
27788
85504
58188
52535
53748
26460
1364
23200
49937
97794
98647
79808
151
3843
26569
69859
98345
1187
23202
19498
36107
37737
41316
64229
72560
6322
71656
30271
95938
56087
79444
40216
76700
26960
39661
12692
90534
26715
78020
87214
30415
56716
43398
94115
62609
49012
82137
51795
78515
88649
76846
63460
55524
13529
75403
30561
32417
32594
26627
27634
48502
91940
90904
91506
13654
83393
94055
17056
9218
88357
48876
80589
29003
77502
60416
5841
12789
24647
76441
68780
40403
7329
69076
92392
74112
91747
49649
77473
77150
28115
49320
84920
47248
18349
21484
40888
35663
7987
51616
54909
44876
26045
73411
55764
25305
84429
31603
93615
16801
91488
44220
60500
99829
57577
40946
27975
50640
88721
95085
3771
30339
92458
68932
54128
32818
54940
41807
47805
77586
56079
89416
18906
31963
24456
27856
50724
91128
63084
60445
22964
43026
87270
65639
91798
11623
59530
28789
74887
49575
15837
10347
74665
10844
9726
86433
58163
52469
24160
16024
70443
17348
29624
28117
60905
13436
86324
12468
41435
90674
13097
71370
9438
67039
84955
67415
2355
80425
11983
67306
68159
42479
32117
72112
66161
32594
8435
76702
40438
61534
10550
9913
20020
82692
36894
41472
40479
41879
86355
52321
96715
87317
1660
14723
65565
74889
42611
27848
65826
54081
45367
91821
31437
12279
94281
29338
25305
7424
7952
92569
20055
27089
10655
91722
16462
46958
41996
54163
82918
81512
26183
100238
27996
44035
15541
71841
53912
66196
58977
80848
34668
35073
71600
42278
28448
56911
10246
14322
20610
51211
75742
66198
44658
32378
87214
32970
38076
39772
18982
47579
27342
11808
88357
40132
48420
28491
14565
52765
43772
57236
23194
14692
505
79736
39552
68377
15019
90242
98232
41661
95239
83284
77407
14195
41889
77997
19761
17868
76402
45143
5730
62903
85769
33916
84429
93465
19237
14320
86024
4770
61900
84137
72297
82324
44551
100935
89278
28070
94456
46582
29488
10949
17636
31307
32742
40438
75259
85169
64013
40847
88639
6176
56348
2628
89656
68511
12875
15545
7767
85993
94828
13547
45141
4242
39289
96236
89208
72554
727
96016
66677
85919
92867
13095
41390
36551
68622
36847
94719
100345
97644
10912
51427
29420
93315
37209
47772
61637
11989
6591
38557
38444
39704
4982
96092
3847
11247
37320
52578
32970
54097
60899
87159
92647
37336
30520
50952
52915
69189
89944
91229
97194
77391
57203
14242
85913
61832
2735
99054
88836
10024
8587
45949
86511
6104
50502
31955
96631
80178
57836
2928
88158
74708
34117
14170
81884
34006
41223
18717
52508
31671
80511
49614
79952
92647
28014
52416
13621
84281
9654
61674
55392
81064
11208
28458
61016
17578
67933
43628
26191
94004
81068
10655
11066
91800
50206
67931
1372
23223
22094
58461
28232
19597
90211
1890
87097
15461
98900
17724
25864
9321
42185
91932
2577
95457
54831
1744
17025
89952
26265
43141
76182
12877
6100
100812
52313
89619
69232
76889
36929
70784
52712
75882
98240
14316
1366
81218
93311
58757
69816
96742
7654
70932
62554
31817
9395
75816
32043
52054
35525
82655
49692
19539
64441
63635
13796
4065
34814
60936
81401
35965
10326
18279
16020
23194
4353
69483
4332
70708
12797
22717
74593
56977
23313
34150
13899
67697
95169
49133
94427
86984
24565
55162
17282
93161
52693
87019
65526
17644
63524
60537
8922
59094
88873
40872
4922
54358
23453
62083
96409
62527
5037
54348
79512
7064
17467
55279
25414
77888
20980
100006
50138
91266
25091
18088
70517
64007
46843
95946
7033
49622
24047
57386
12100
29328
81987
95650
22943
73853
62381
48679
84799
7025
74410
96273
88096
46473
19317
29895
11790
89767
99605
20904
73469
79105
12622
87426
11058
71333
100902
26349
76336
76550
90209
88546
88801
55941
50056
76178
88028
92978
64897
16392
94345
68969
73298
40627
43655
16766
45431
49472
80104
30526
89249
72026
1590
47028
801
33778
10178
41548
17691
93428
99346
95718
21058
10768
77594
23667
4667
67639
34043
81699
14616
37225
66217
75956
7876
85983
34146
59380
1557
51824
28199
83695
3518
25790
44210
27644
44952
42181
6809
44442
58161
38097
98754
78075
71896
58085
64607
49873
12838
98162
18394
22314
39336
19171
63711
76141
41404
83956
93280
63933
89837
76143
54609
36366
13907
27903
80254
41959
43248
59682
12908
44512
36302
88684
95235
22076
89541
88246
83736
33558
99017
91130
20758
63865
10252
62418
73588
89576
93794
97963
2371
24555
4365
14170
54868
38993
49234
45201
64782
52498
42586
50319
15952
54940
29087
5477
9473
6661
19835
40368
19208
11763
46755
19866
47910
71298
49900
8312
9323
60490
46311
52767
100228
93605
44436
67263
28600
53785
634
20419
31786
16571
40039
48950
83140
90649
76258
42590
69518
43768
11835
88842
12170
11286
7025
62085
35961
82476
30596
98674
16799
12100
47735
91062
75590
29558
7662
93722
82653
9097
27494
26534
97860
40962
86801
13103
61610
19967
83173
93311
6018
30345
17134
91932
60194
1520
97720
48212
55427
59573
82174
20162
74036
100160
12881
21465
80400
58161
671
66114
30524
54728
55978
17907
61304
31971
89502
78369
86215
21835
25237
46395
64975
4478
96049
48882
20497
48835
3660
19387
11800
42952
90748
67859
95124
61047
29299
78620
26534
17654
38150
23714
998
10437
84809
85323
10920
51581
15268
6425
78102
34185
52498
41548
1481
97455
16873
52574
16711
67483
88945
79130
51898
3428
4472
88982
34257
72523
57756
68414
93465
18020
46432
25455
37669
24637
87804
5479
26479
68437
96717
46027
50584
8920
88686
18569
92154
83208
66451
40370
38514
75000
88984
43661
62829
97453
38327
40853
90840
515
36329
27420
24939
90764
68149
1557
1259
22676
16785
589
80770
11420
27681
78474
11471
66936
36559
73487
28084
37293
44099
49797
45394
44257
21558
100674
78772
14499
72192
44839
6248
57540
85467
74264
40590
40884
63754
9142
77218
63257
6659
85837
42847
25007
76587
74706
67105
46884
83547
7917
28343
87580
72118
69931
71064
57501
88953
55793
82090
39626
57421
35922
75849
49723
6295
59867
31527
4807
15619
83808
72441
89243
75689
21979
85013
18487
80219
48208
21716
63386
99554
88616
35482
64749
94573
95447
24571
57612
75948
92394
6702
98121
19907
18349
42440
35188
91393
24571
68266
100600
31858
91617
24123
82135
28070
75516
80180
22238
52749
7510
87159
56126
43692
92427
21533
59649
81950
78885
97126
2577
58979
18310
43924
10840
63526
18384
7551
75559
17765
49986
100970
77742
47065
85171
883
14871
62089
62790
9025
39447
87430
9806
78667
45141
68412
66050
92203
74024
34405
85549
58981
19763
6067
25295
39963
52356
70184
36888
30771
87247
60862
9847
63641
77372
26978
54747
5029
6219
67419
9547
63530
99784
57567
13056
23677
83837
18014
76807
86308
73668
85946
44105
69779
56202
82248
36703
3960
96575
6032
1993
32150
97239
88692
27268
79070
80030
72815
82768
76741
71841
31437
2402
45324
10215
22937
29973
63493
9496
37367
64642
83440
42218
2963
2225
76104
32890
47606
63534
9958
73633
25455
24647
97963
94575
69711
23720
58352
60482
20559
94493
95350
76780
42625
40631
74737
14250
31289
81313
53684
1701
70412
97482
3510
34637
95669
79031
16867
100271
67565
56461
99202
23827
70299
48543
80470
84285
75652
75615
6655
41289
49789
12797
85208
91977
91872
89952
89539
37963
20559
47028
70893
30269
65306
21198
13455
29225
9995
14388
27829
86616
9878
60085
81590
50062
75290
4538
4367
39799
82992
63970
26479
45386
81165
13397
16871
44027
75703
35260
49974
46693
23862
23241
13093
10098
78289
17646
26082
81794
43092
29735
41476
55645
52712
64938
43326
69029
71851
66254
70221
57577
77177
30855
18133
48911
82468
74108
12285
71779
1076
36518
42806
98222
71629
72667
5740
56116
74986
52987
5619
76887
35969
74297
92532
57929
82996
61055
47143
66264
90248
98018
52021
7253
55427
31268
86466
34767
71664
28193
45252
75185
89504
78390
82497
94162
94014
76513
1874
32853
34777
32296
72081
83985
83401
80803
18830
83393
1925
91500
34960
49102
62155
11502
6661
89502
30306
85841
39402
46208
19204
21780
45361
71849
73960
23564
13656
34952
24785
91015
87541
11309
54430
54572
100635
7294
32341
18598
69436
13915
30861
3216
32339
100349
25258
20723
75446
82386
32555
32454
97535
38522
52948
62977
1847
48457
9210
69917
18746
73736
6474
98037
81514
19946
49067
63127
27383
43437
90534
48650
100997
80807
8246
5331
51250
28043
25720
90721
83545
743
13418
84474
90100
33934
57717
75364
68151
14836
73072
98045
15490
65158
90645
58854
43092
98425
57427
100830
54685
28117
22458
72373
85062
9948
98941
16357
92867
24384
20503
91498
47437
48617
49694
77224
63347
73802
82026
52465
60161
57133
65193
27305
64042
23046
39299
68622
73187
48325
43661
61074
48383
95687
60556
88084
10507
84766
91389
20456
49912
13603
82030
53873
77699
67376
44165
25998
82090
70675
38594
10587
64858
89202
15527
71331
67123
72521
34452
6326
14949
92279
1331
43906
45883
26183
441
42516
88505
89609
5611
20162
12548
7553
98974
21276
78702
93909
31301
78624
30882
63830
10250
42370
39928
6443
86655
85399
76170
100526
75738
92941
62258
19346
57057
6254
57310
5148
10957
86620
49392
69894
96974
89913
69769
58899
81773
2069
55302
10949
79656
64930
21003
70821
51047
67678
18762
42804
72445
23640
92312
10842
84421
36894
56572
45875
70782
17266
68706
72114
32341
23556
53723
82957
51657
26376
9662
11771
65234
23519
14427
3629
93208
54428
90618
40253
88799
88990
12567
16711
6367
93245
69806
80700
7693
96824
95447
62048
41918
9097
45143
73109
81646
68474
90170
49764
100146
6885
29157
60120
10569
84320
69380
8252
16390
6766
6443
6295
28896
43176
13574
91095
64145
1364
20129
5249
23381
24888
31449
88832
11695
32413
34952
16838
54356
95196
79734
10246
10846
38300
30660
94608
10291
6509
39577
68371
38670
26641
73820
41575
60371
56948
99155
19981
62015
17206
14910
60815
38629
29011
80221
29077
66735
7323
71637
27821
30189
93198
80328
76328
1923
10067
28785
59380
89763
94386
58685
85578
93763
14250
30154
7732
53489
96974
31223
9023
65641
17163
88279
49100
96945
18869
16912
23718
38890
79588
76482
96750
74301
19500
88540
81654
37653
50751
52794
5294
8505
78149
73633
75144
64198
21243
56948
12803
67559
23165
66823
62868
90279
42323
38261
56745
78168
63123
87206
998
13465
68955
63312
33562
39038
54202
42329
38781
33675
77218
48584
42925
70361
75888
49472
17689
87243
1884
76815
61384
51166
46251
53053
38960
3169
49863
35369
4472
4698
39799
1333
32481
29198
27042
40734
25601
71119
48286
26532
92061
61939
49834
84100
93243
17019
41464
73329
13691
53575
68225
59123
7054
47285
74819
35449
3539
31120
67327
20166
3475
44471
92978
47581
84324
81757
89379
15379
85362
9619
82324
73672
66671
50954
26265
49123
42146
39918
19975
54839
34481
14063
39445
23270
9584
95521
71775
59676
83695
57532
44506
9348
5296
9765
81313
85876
70694
25821
24417
95909
3779
95428
14842
66601
26565
91839
13097
62642
96972
77288
100571
32267
76540
82071
100746
41850
84468
33412
6813
73483
16357
28865
7812
98647
57466
66418
35258
55836
8252
82801
94244
92645
8764
66235
41213
44107
25568
37801
19646
72077
32452
19089
66531
74482
13473
32898
49577
41998
54942
4184
11354
31067
9089
58946
13175
62776
54095
31005
8618
80840
69843
36662
99311
24978
11804
67935
40214
2466
60128
11771
10439
58299
52194
12653
53984
82433
53244
13307
55941
10281
9773
56167
27971
97566
87434
28380
98676
64377
92423
79884
31490
67152
32563
44479
37482
24074
65255
52101
31860
100125
21724
5997
59945
38707
34335
62535
357
94855
85327
39996
9282
96756
53978
45137
66305
47320
47616
92347
35256
52128
21753
46473
62932
10291
37848
34150
56465
32750
12139
82127
28789
55941
53452
86951
2365
70671
90211
33486
542
89946
37190
3072
76852
12873
59483
40921
54683
73876
14577
78104
86900
66523
1699
29457
44434
98896
39445
10022
3288
10986
44432
33480
90094
59721
99009
95891
90690
52467
12324
57234
57797
89046
28530
72655
51018
43359
21831
28117
95346
86988
92088
93687
55129
41184
51232
93486
54525
11280
59123
56317
82844
39503
50122
591
71952
69785
57189
55390
41585
29492
34222
31118
36691
59199
21613
96491
7952
40664
12678
9989
13767
18464
12657
26791
38853
7876
1263
70324
59678
29032
38148
37542
4057
20559
70817
98037
85243
17502
37439
71915
97381
96310
76965
24933
19052
16896
76437
6840
58942
33371
31414
11578
17722
27087
99305
52017
84544
99527
53024
66671
68745
30779
93013
4963
41665
84585
52134
60371
44325
12394
9496
35926
71333
97052
4620
82135
55053
31630
739
25494
227
27375
59234
82951
44181
98127
7432
28750
37665
48975
24166
63604
85802
100746
64126
99309
81619
88797
99607
52138
23348
42401
59271
28929
6289
32510
81179
21315
14986
26738
9105
61456
72803
9401
11325
100421
15358
46588
89985
9052
365
100312
8026
20855
62609
27708
74373
49131
77594
23903
27488
65935
7469
78147
38448
23677
26384
62905
15508
44841
46654
85837
70398
16647
7136
50899
93574
72692
93465
24795
38855
38705
82032
2854
23274
81284
53431
14047
77958
81979
4242
17543
17652
26265
46866
76186
22012
89389
88390
6729
23714
35338
23126
51803
61863
92006
85695
8254
48732
42662
28452
21054
47986
59612
49396
23385
68038
70028
66595
73839
14797
19724
11383
34294
68260
95389
8063
82719
58759
91979
34707
50140
75627
63859
408
34857
24832
84291
86844
30822
17321
91021
18534
64708
59797
13876
86509
41256
72077
1962
17192
35887
66233
88824
74079
81017
46802
71267
30970
35118
23601
100863
51158
43887
49281
89841
68992
11954
16575
95422
44498
59493
86690
36477
57684
27268
20937
48691
41057
56013
51750
84838
83578
51176
2184
15202
46292
7979
46773
96834
77983
67894
74246
89574
13843
10910
87251
65532
3884
31708
62642
31081
99975
31297
41953
44165
90201
29305
36358
14947
83247
89430
62229
15985
54496
91940
41920
36580
17062
16645
37661
57789
88427
11060
99823
39474
47544
48494
44886
39850
24495
15654
9218
7831
51343
84838
24970
23823
63941
40181
19648
75888
53462
88205
49733
95796
89009
55312
100345
98407
61629
57349
19130
90238
32296
99973
76887
44183
74587
29042
48356
60714
41279
64494
80663
53026
12012
58648
83430
36183
85253
82608
49141
4001
20020
27638
5917
19671
63900
69376
43772
58788
92976
34187
75134
79436
64681
70040
22446
9866
70449
6330
43657
77179
11619
57164
25414
7549
61119
99961
22742
94355
68708
34304
18016
92098
30253
15798
21233
92092
30822
92867
45883
95151
16431
10199
23389
66414
74891
68149
47141
61826
16452
17461
52206
43626
94793
57818
77477
33194
95056
62147
64959
66410
93486
34670
91321
46718
63154
94976
36080
18968
68044
18756
36080
1329
86170
8472
74778
49437
42734
50362
5662
43480
53947
85428
22569
23899
99640
16390
1078
10507
83171
12622
95130
81617
53427
84318
53711
101007
82986
42833
96312
20836
31373
81498
55690
98528
50360
15387
79553
88047
92057
87870
54506
23755
33969
20795
85827
93153
43215
74149
52537
46403
20059
34224
17765
29490
13206
48142
68770
9140
92871
82102
2910
28641
11360
52749
9060
27899
12250
84754
85467
3405
40105
67197
100528
98676
74811
30415
3779
38847
2221
62786
24460
73777
80476
26341
12131
67411
60274
62295
26738
58278
87613
76281
72071
90526
84398
51764
19537
65347
80071
38115
88653
87913
56126
97237
55931
91358
10472
13800
29883
69779
65929
11504
6184
56393
67298
10883
81253
18092
55793
32563
1553
62757
6176
37484
78908
72258
63257
43988
79888
14649
17017
73446
87463
99235
9027
7868
94049
60383
49764
71072
54572
12178
86844
49694
33338
92984
70490
34779
4953
79352
91533
41480
1816
73580
88063
28715
17354
64050
55429
46031
4649
17969
1078
61867
34707
70638
25309
59113
97385
100419
22423
1738
62451
19311
37328
6550
40695
16785
16503
71668
99272
19946
39297
48346
24312
78665
19134
65828
52872
81103
12287
28154
89282
54459
73543
55458
93572
11576
38257
36561
13880
43217
38479
13798
85175
69853
62790
19134
16760
4057
24306
25628
59816
90762
8164
94456
6848
6507
94596
20201
71481
66484
85175
17868
53949
44251
91266
88322
85383
11619
43176
61536
11531
65847
36923
20910
53244
72149
31252
31601
57244
72766
55281
36701
23815
19124
95003
3623
83399
31377
62159
25050
36076
96345
73777
2484
4998
53505
83385
79259
48031
41924
50249
89786
27305
88505
41480
49024
51172
69041
91058
100569
15169
85872
68229
80511
18719
20686
34878
91315
32670
72554
83510
75438
40220
80176
84994
33342
85161
95792
1948
36479
87658
59164
37295
15463
22719
80554
12357
37597
68632
39367
18487
95942
58903
56819
72375
72303
15712
96608
61629
58225
37653
99675
81919
30964
58796
66823
82248
26682
22536
34101
78293
60533
28588
8764
3144
77964
37468
63487
441
44913
53908
1855
78291
6589
19412
52175
80550
72100
84065
36483
53464
2262
33155
35406
98306
22935
1633
45807
39700
69925
39361
75886
53168
82838
7942
31706
21058
44292
15424
58539
2480
97457
19412
3658
18207
75179
40650
8275
9175
48465
69409
41149
61904
37443
76593
75290
28226
37190
26257
54829
61777
21533
11917
34220
89360
15913
61343
88528
92746
54648
84692
24789
76215
63306
65662
57540
32374
35628
12363
5878
41768
92721
19346
41811
62813
36335
7954
93465
1222
52897
52169
75222
69629
10657
99459
15712
59090
65861
44469
86530
5329
71261
24666
56679
13358
48068
29153
42329
58644
73136
52202
7960
776
76112
32859
40549
72850
67900
57133
12437
13430
34080
12213
100719
81477
64823
27893
20826
52837
5327
36261
6184
93578
56671
37663
30993
63754
46319
59458
53760
87321
59310
33410
49945
556
100232
41887
38594
61201
12357
98296
31005
77068
99679
63886
55902
91685
96536
26896
38516
39441
6955
80842
40814
44210
5000
80174
84838
34596
43507
76478
16248
98534
43256
44728
93983
98378
50307
58422
87874
19393
73148
76558
42473
28304
45883
48027
36210
47846
84174
51246
24051
95868
16135
13843
69853
34175
20982
93274
89128
25007
95122
776
64848
90470
27673
15101
7368
19909
77705
1185
66449
90119
48765
36781
16055
59890
30417
22349
84392
81498
49281
11198
79056
32592
31712
96641
40362
52915
95796
30715
30261
51057
1629
84542
18203
6869
47587
44734
44660
95979
73514
27013
60568
91303
16762
50714
75886
43462
46015
87648
67158
31523
34855
2178
25342
26756
83644
35182
46099
31597
85216
89321
88869
74036
93794
32029
63047
68229
47661
29827
18499
80030
49764
54303
39702
49096
9214
43620
75146
62274
100012
12567
56975
78182
83430
30931
89580
45620
9179
17940
2408
73039
91058
31003
12209
28754
100563
36691
25831
93833
61639
94682
84620
84359
16682
94273
36366
24197
91315
24606
78624
36041
91562
69370
7101
65304
12653
43583
73855
76439
36477
37439
28078
76957
35447
18191
476
53947
35190
2517
56930
34664
89356
14361
13835
3520
61460
77625
22867
39558
36598
14098
37850
52021
92133
53207
32298
32746
100012
55168
39846
54060
55801
20014
19375
70546
42481
37098
78996
15911
72332
77029
3029
1483
74998
50825
77557
46915
23519
84583
91465
7882
11457
71970
71785
90507
20707
16793
84133
43478
51655
76887
85021
91229
1504
55598
31710
35406
12544
26775
76515
41408
21167
73820
91461
92024
86466
72702
17200
60901
77705
70739
28345
62350
48288
23556
41223
53608
25422
97001
29640
9755
90082
43795
17831
2141
31260
22853
55976
36635
3629
8441
6295
41768
10030
6104
116
15169
91691
88287
30746
61824
6139
96974
98867
81017
23531
93079
31003
95864
57797
38736
33102
24419
24010
44625
41994
37439
100857
20758
96795
49567
7757
13048
44551
43647
60537
13463
46066
27603
37517
72445
44553
62379
83915
55353
16581
17348
39104
24306
25420
47540
52615
30483
29124
86427
33595
48025
28051
4326
42734
94678
50280
88832
29560
8571
3483
15870
65413
88047
53645
54387
29180
95270
94941
100160
48438
254
30956
29969
97833
16653
87944
48325
6517
26479
3592
28532
42919
31262
96865
1294
48494
62679
84920
35182
64412
29550
15609
99496
69288
1962
38512
19607
5833
48391
3214
64159
86098
75485
98016
6287
81183
47653
36329
71222
57041
77664
72332
50058
550
8918
92672
42810
41476
48541
14575
67230
76182
3368
7216
30845
44794
41733
84986
76809
20869
76587
60056
25940
2947
38623
60420
95373
29934
1779
25975
51616
56796
57499
55423
38845
59386
61347
65900
87981
58202
5471
83288
84651
76151
81627
80026
77845
72248
27856
20976
31899
18460
817
95350
66005
9989
96205
28452
30142
21336
1995
23630
16988
56019
93864
60611
3354
50048
60046
49174
68445
24641
47361
35303
39104
143
62895
85161
59528
14875
49456
1475
77886
12770
53026
61444
100534
95642
24314
55721
63822
45912
34154
87463
13985
78628
92762
57670
262
64044
99823
35223
18117
36551
73629
1060
63487
89796
26590
5107
80721
1298
89060
82879
15983
66375
97202
10984
10764
3668
3983
16022
90059
86396
76548
42814
36006
100156
69859
57941
61719
28347
22752
55495
443
35044
99934
71372
96906
63479
58611
32298
55894
100752
50983
99905
91136
66044
61378
75078
74628
18283
44165
85802
75189
95854
27124
65376
51764
25683
77442
92425
22039
86838
51692
57649
35885
87093
85161
73812
13804
2260
78038
42444
40185
99110
92277
47396
11584
3473
66846
37517
87393
34111
10143
15504
86324
76114
34818
53460
33451
71397
31447
88799
50576
73557
11771
84957
29439
60607
60422
54868
55908
25235
67150
77288
56097
82328
45951
57721
87048
54208
53098
18910
96127
38245
55598
16135
17208
56021
23342
9866
86094
36183
42037
51055
74630
96454
64922
52465
848
6215
56755
56346
53540
65485
99823
19461
20828
10801
54488
76702
46105
51026
7979
51205
24680
88758
45439
30448
20205
69296
22113
19681
72332
86733
38964
37523
9829
10180
31778
27605
11915
34004
32296
93021
59347
49908
67306
75218
77405
100711
94020
42695
73995
67150
96717
55279
4400
90203
88873
13584
30041
31410
93930
26308
44350
29307
1366
37912
90896
116
25718
6480
94205
90045
1956
30006
73781
78848
9321
45881
17829
95864
2406
66716
33303
91572
85245
21235
100109
74809
62895
12390
94929
20318
60638
11475
70630
94641
86937
51949
93042
55265
77701
93504
75559
34779
65456
64679
73816
764
41297
12170
17414
52619
12285
6587
98333
6980
74589
86544
35813
79064
44831
41663
1504
52796
35856
73670
62233
7886
55316
67586
66661
47328
63442
75592
11880
24824
32335
99790
41213
95870
80398
9360
58054
15391
73173
50502
76476
72188
25007
10028
30006
20978
37587
62887
9274
61935
49914
2809
3255
76591
2550
38660
62850
11364
34629
5736
14018
87208
55524
23638
91535
45645
75407
5146
57501
95091
81432
89099
42551
92912
86836
57614
17097
81617
99011
62418
71896
77148
78143
65160
79919
58461
86649
64825
61086
22631
45571
79847
74040
97371
54496
91821
99272
20236
35297
79648
99235
43951
9763
97500
64342
4926
23609
72225
79397
77475
67668
29714
67483
443
69214
73300
2848
47544
51581
66716
98222
73775
80655
9356
93942
59721
46249
97938
28859
51244
57390
100331
57633
40039
36485
12094
28958
53988
47651
57096
71590
43922
95685
36292
28487
88320
74593
70229
44138
48465
63006
66494
95492
52687
82589
8032
14540
85568
72819
57686
63711
9547
53359
2735
29669
60422
69339
10953
75037
67327
41057
52872
53061
11420
71767
11502
69413
22277
74967
4704
57086
55376
30043
65010
88166
23093
81958
63941
46015
68375
27922
86160
29414
87767
80069
71183
60685
60387
76515
88657
15804
37073
88834
14392
13502
84063
52948
23348
11689
97011
8579
11837
8840
29825
37513
19650
52564
959
23463
17870
90614
65232
88805
72784
27560
71849
65228
8542
71966
52650
14098
33860
73405
98055
2632
91724
1948
14244
91533
54792
16947
88647
1559
88176
8805
80480
71376
24092
35186
32787
97200
45953
74073
73144
38364
63010
60313
25313
37669
24049
90795
84912
56572
12690
100378
1467
55427
2466
54539
88324
61308
82104
10698
39889
93572
69929
34370
37412
47468
84347
80065
73228
60720
32150
74328
6766
100756
34442
59012
65403
54940
3991
76924
16312
19352
42130
11580
591
996
18460
21052
96047
89794
53415
12838
36113
64231
14174
60231
35482
41186
96853
55495
63442
74690
50800
47762
79923
61719
76404
13167
38319
29566
95169
52212
100639
93782
69041
14207
21720
10106
36002
97568
14139
82061
67771
65378
82435
67082
76219
86585
88684
13724
28047
86049
10244
24647
41583
59094
77520
3111
65487
100016
1588
60389
77335
27774
56128
68225
48802
30970
45772
94022
58169
47916
85798
51725
50989
59014
81461
52537
83504
66920
67972
41657
94226
76223
64700
54282
90538
7136
39511
28783
46691
6552
186
57353
47431
32380
52350
62562
24199
31196
85880
31377
71631
39143
91784
48364
35877
64161
13288
98721
18501
36950
83025
43176
33044
41883
96686
89083
3946
56720
36962
90836
9806
67633
44662
72330
94744
40243
82848
52395
2503
58936
64821
2503
24791
64348
34925
85391
39367
56718
14135
36728
97233
42249
56169
7839
90579
37256
76256
66531
93792
61674
49289
18450
69226
83656
88766
25052
77148
99792
43990
98978
34187
59719
95235
11882
7516
72332
17081
66897
40444
47088
51690
83876
40917
65857
3475
25268
91007
82811
51536
65458
45659
97831
43143
50321
37924
55349
7656
34156
2704
59935
15391
75072
89971
9987
54389
17932
27182
96388
15317
18431
59160
7995
3812
65226
63035
56385
12248
10579
20014
92760
25897
31696
6610
87687
50913
56264
11025
10104
79923
41809
7325
1477
36259
96641
38921
46015
66198
61828
87418
81292
61460
14121
33295
3687
40216
47248
39965
57464
17609
35597
2780
3888
36703
8141
58529
30452
47992
69639
41036
30674
58124
43992
30189
64108
83163
47032
29749
89019
75962
94497
65374
12456
18571
3370
99202
16240
95679
63487
94353
34483
82618
54599
80018
6314
32300
62451
95198
30824
31622
13323
14916
81510
53978
18018
94384
70963
48169
8844
65308
75111
29712
4626
93050
44989
62942
41065
65343
75076
49951
42056
68556
3372
73962
33297
85021
66784
51834
12530
2040
24236
99599
30857
35338
37108
12357
51787
82920
61571
19200
90571
81329
84772
54097
51018
30789
27930
57012
13027
96345
83619
8505
35856
6848
59571
43184
78427
25163
58496
1368
60352
37737
7257
24573
9989
96277
13288
92709
69304
19539
17644
56348
51096
25295
68336
30820
83251
50654
36884
31484
68488
85506
49242
78291
49137
32851
2355
2992
62492
59945
91726
35262
13247
4626
66044
39484
14949
60611
92727
41408
61201
46432
92906
68860
34740
36070
76244
78774
75179
8922
99720
62498
42500
36442
10883
43143
65783
24384
69713
5847
55468
75222
38146
29897
18487
34372
811
7913
12057
41916
50728
77999
11839
99498
36516
95817
94939
18351
85619
27901
51879
29301
23416
47947
90045
40909
67475
48251
77761
96273
58646
21383
50911
64747
63257
65783
87132
60815
60825
7477
99755
79481
89802
65789
28818
88320
28345
82135
20904
24230
28791
2133
17500
77436
27379
88540
7995
55127
2443
73150
12690
73226
59779
14799
94789
7091
49585
2030
21484
100972
64564
5399
32820
15527
60901
95169
68519
75541
1150
58280
72114
29118
23260
94756
84246
39595
65791
62554
70850
79183
18828
10953
64716
73777
82071
25971
11475
45624
28820
59684
49067
31007
33509
37737
57497
78371
97161
58085
65567
53207
72593
17541
98980
10801
97383
43661
97422
3444
57939
7239
49840
34415
60940
49579
16836
84207
81508
46467
37449
62702
7993
93463
43628
68926
18645
86807
32084
53211
36950
29307
62009
21677
68926
95603
75331
28070
17091
16544
67230
34037
17118
96639
48800
43766
44806
44360
76295
37550
89833
98158
42405
61129
99194
73960
58017
45657
27996
58870
60681
67411
57633
42962
33671
68083
58202
43803
25969
97905
20536
84172
96308
50909
79362
14174
27751
6180
88211
591
95792
94057
41626
9644
62161
41260
43073
65602
49951
89804
55133
64938
17052
63561
98388
70038
19975
42031
75738
14491
55265
72519
39254
97389
4478
7765
27071
40625
33443
79183
34705
51361
5426
14010
4402
100230
24349
79847
44683
3058
11282
100900
6365
95870
77288
80470
90690
97385
50693
37597
51468
34520
72669
20575
29011
68967
63516
72229
23778
22756
25457
51209
87138
31926
43030
43400
4879
48136
79547
5259
95422
72369
97083
30012
32121
328
42212
29153
87352
4850
74186
68934
40407
83732
22834
3814
99673
50138
16392
99455
37149
57855
5999
25971
29217
62850
76077
84951
57575
79070
24158
81586
1405
83767
48913
59349
50652
68048
71915
74291
88986
47550
86104
47910
49131
73321
15128
54646
38292
8209
13936
13204
69288
67845
47947
97529
60683
23796
33842
79438
92487
36226
35079
78770
17358
54872
30197
75948
78982
99975
7802
6916
72926
26682
57160
64825
63933
25128
48880
53045
44506
5695
37505
86840
83808
80055
20503
25679
18834
35636
36409
84688
83882
64344
92902
57273
67748
87862
49466
53045
59861
92043
6332
29346
20832
74624
62229
63812
79619
49955
42368
7646
52099
77738
28602
13282
34670
3177
21447
21093
11975
34855
19724
51536
79216
83286
9985
43844
77769
44397
89101
27959
91613
11605
63154
27081
48767
27414
6215
22166
26590
22501
62459
33297
60531
8143
18092
93171
96166
8988
1627
16832
44469
54350
66531
3703
25165
68455
64344
8941
1742
28448
33414
80184
53170
77925
41020
50870
31334
8182
55865
29710
1263
63960
50537
26382
61896
13584
53281
2624
85798
5695
96166
49770
44960
100090
31141
15693
99231
29011
19239
46810
53468
61090
100310
6472
35710
33924
1401
93134
33893
1411
62934
64381
92575
15391
52613
46471
69713
15175
25233
82363
98127
19385
47550
37147
96705
28606
72332
89720
31416
86538
59201
50652
28107
59014
62496
5107
68712
32115
30633
65791
38440
32711
96789
71489
6698
21015
45955
92201
46395
20162
99969
4390
28863
71154
40946
56615
62122
29120
76406
32781
40956
49242
11767
93907
36876
13455
83015
48467
47162
7068
66743
80920
72521
45735
69473
42218
3664
1738
68340
79399
32111
99535
41069
61156
6517
54202
26516
22020
14879
96974
89099
40072
57281
96460
81625
4953
31112
69822
37482
62712
62720
57271
28600
25050
36148
82098
66564
92727
17525
36588
44660
20799
72811
63752
45024
33924
17354
14232
50307
64568
66677
11656
41182
67483
51380
50130
72229
51020
32117
690
46915
6589
28600
18857
46140
41538
32518
57271
73025
38327
88314
37998
17052
3927
46385
45585
63450
78702
34600
26637
81054
6402
92561
21017
79732
11179
63830
58946
19264
8211
59084
91755
1337
51269
10392
49604
85286
4073
94020
41367
1440
77629
87763
32376
72293
68153
94937
74764
33102
98859
46989
73588
38329
44734
62231
12059
91763
89424
31743
71968
17352
47398
56079
10172
93204
53577
53020
959
76873
100082
8696
35408
23126
64451
50502
37254
67674
81477
47511
55616
5325
25387
86768
21761
22797
23607
68334
93981
35544
12877
18501
18279
46588
6073
21724
94004
38002
38775
6914
1662
46255
1185
54895
49696
92203
90801
412
38929
62961
21761
54052
48027
73368
98123
56761
4131
42066
17097
52171
72003
69707
72961
40890
87471
1148
72260
37431
18460
11138
77029
61166
31821
40695
52317
20532
82215
74394
61518
80147
71812
45805
54839
8289
43404
98160
35819
61148
94900
38703
4659
34041
30378
77251
9366
96974
1541
19983
56313
93798
85475
70776
60157
65598
2170
56652
38477
38929
96312
78760
75557
74727
94828
61378
8441
80702
43437
39332
23716
30156
85806
19911
50726
40362
7847
97371
98238
93831
1588
10953
75224
18462
91932
85173
82663
63306
34043
68564
70965
11658
99636
81950
554
45511
70673
38670
56241
40444
38004
84727
85473
51505
69524
85584
80850
31305
76295
51322
20092
77631
18579
82764
25973
8585
13689
63972
16466
16871
34397
56856
60755
40479
21003
57610
55820
55947
44660
20873
90388
91155
84394
72885
61645
95677
13798
53318
61637
30343
16090
73366
48473
60371
55057
68636
67808
54200
84392
85613
93870
38070
76799
36339
100125
52171
92117
5031
84347
98791
21420
92746
2112
91821
82768
26421
91718
44475
42144
92018
79327
51343
135
34561
19013
48095
61976
59715
95905
67105
67308
22980
78587
12951
76928
84949
36851
28746
18203
77960
34962
23852
43943
5327
63386
89979
57460
79278
87582
22316
8291
44101
15132
26123
67672
76030
13395
69261
17572
29153
21942
10495
40325
76400
50500
33739
73255
68899
57419
35589
65787
8030
41260
70657
70665
11691
97463
47209
33435
589
14394
20575
79292
59187
27564
34894
811
31373
35149
1407
6176
62858
54599
28080
71148
95350
81366
23348
2910
75183
59935
48506
31825
40890
96976
89796
54163
87983
62377
69337
14762
30224
70147
27229
7461
17126
26051
31593
9200
60938
87695
3177
95354
84873
72258
68778
94310
11027
10651
67008
83422
35885
35266
82507
28563
56753
33482
75633
20090
62821
28748
31252
62827
100183
58087
54903
15979
60899
52428
74320
1374
74480
52060
37994
11095
87603
4293
16119
91126
65972
28789
36485
84320
59575
45324
18651
57976
2110
2632
93979
44942
49067
56800
8838
73152
64601
71146
68747
70928
19486
56759
50767
67343
62457
68077
3551
23601
59349
11140
19354
67230
35591
49955
22388
11251
56052
99665
36115
90727
19313
51100
7588
32411
68965
73580
4630
55357
30715
66120
14575
60759
41739
77483
9728
52833
23418
7732
62788
17533
12733
58373
17276
30966
63493
93412
59828
84096
67228
32880
34915
43883
71072
97975
9237
94670
82063
52502
77288
10694
84846
43624
48913
77103
19449
17393
87899
41649
93169
58792
66856
75023
12871
96458
69103
71746
84844
59715
55610
8330
93827
87841
67861
61789
69822
13693
44432
26072
13909
92096
66994
10546
17905
25683
63183
89794
19087
25011
34448
31151
68862
97050
88057
50085
4139
38666
80587
35741
56042
11247
18894
63220
23046
86318
66673
89979
7183
1995
41809
87973
87048
91613
27564
73740
59906
33932
14579
25864
7551
69029
46216
10764
42627
68007
44582
51065
40294
41953
33805
7831
84322
49466
89091
70324
60126
12322
71594
55353
82957
72591
42325
78908
42204
31186
53057
43215
593
67343
55464
50214
82657
17243
89833
41036
26405
65752
31564
15027
10180
80869
15728
88139
52572
90719
60122
78069
50909
91136
58383
45811
27348
19819
25897
18423
74772
50948
3475
68788
24793
80435
57092
38740
97408
18006
31011
29735
81142
8026
46917
89206
69598
26752
44734
67045
50987
46249
13917
36777
14174
60714
67378
86123
37505
5442
40584
24419
55873
25272
37441
80509
34524
61715
41737
61158
92349
74439
66673
12322
42730
17673
19422
3409
64457
29081
99081
8663
2373
1808
46255
79407
69703
57686
30224
15171
99350
32520
29225
89171
65485
45328
35412
69010
81025
11952
9237
55836
21089
22427
46755
29231
54432
98296
39141
57242
63495
89761
44109
26711
93531
94577
93313
95862
62554
91093
100756
69335
16357
23722
59571
57308
16836
94051
31632
63941
90316
22902
66114
9954
81368
13270
7313
2667
91229
10844
83015
88803
84067
41149
64712
60852
97714
87800
60852
13504
96271
19874
78147
52934
42921
1631
50159
7091
88914
24271
40479
10532
93570
53244
50677
38033
37338
87613
97905
17348
88824
58973
43285
58151
19523
28602
87693
56467
8293
54562
54533
77919
56523
35803
40695
22797
4916
66196
116
26974
48027
41141
85198
50358
53505
7765
65530
57086
54907
52693
4657
96569
72932
57795
58465
25050
71265
84435
12585
43324
67232
53503
4624
23609
43361
35507
71249
64235
34222
70194
17944
92283
83621
74476
24051
95903
94781
17574
1808
67493
23683
65789
88306
79315
86947
18376
37439
26228
70852
5368
42253
12581
87021
5586
97934
60975
96602
2365
84141
67078
92598
745
46769
43289
29562
59647
83736
9841
27486
14824
71738
30049
90452
6554
301
1742
18201
24460
91021
53059
12659
36479
5064
96793
84437
75409
99975
46773
22604
85068
55154
6470
227
58058
95019
67522
98495
16304
80026
87911
82287
13122
30006
45472
81436
60350
22639
75181
30300
8867
56428
29809
82694
41887
89757
43030
6513
44350
89720
67919
27971
71442
49908
21535
69380
28080
62570
72480
2482
26090
51836
27568
30374
85397
9218
29636
35655
90822
87352
58455
86731
33916
29595
93938
81062
88503
66513
98972
61234
95050
84032
15276
41620
72081
50465
90871
22824
67446
72100
67008
91062
9208
87728
15981
19202
39369
44025
95280
31338
21521
6647
43203
80322
67670
91171
69676
56089
19757
21570
82904
39772
83401
66486
66558
45867
95309
84657
10032
31270
76178
93644
38479
68001
4552
51764
1440
96310
698
99155
25480
12474
15461
5777
28218
63183
62679
32119
51435
29825
39437
82867
67789
51306
20929
15395
58502
4032
24602
52646
76260
35525
79107
74069
31303
28530
47139
15165
75105
35817
88166
97944
58459
19124
49579
45219
99011
73629
34925
88464
78852
26709
83884
45139
56531
46662
52609
33379
70517
90341
441
57865
57123
77473
2207
66233
24491
84396
44997
83099
45217
73395
89095
51764
58531
13796
94353
50751
2260
63339
41630
61333
13985
521
1925
3206
60823
48730
31301
72766
99554
12279
95344
31971
76474
25747
53721
55651
9837
89305
59647
19391
20532
26158
42444
88195
99498
10844
91872
42588
31928
26787
58420
51908
23570
65088
37262
78036
79000
79693
100976
65078
38370
47770
90131
65939
88121
7732
97011
89726
71257
71008
82474
82252
85358
27533
15282
75845
38882
4065
34561
63306
98785
29624
57892
86133
52654
17907
99942
41427
74153
88616
69547
50132
56796
64786
57164
34600
55458
34415
32103
3364
59826
57869
12501
43400
75837
51244
80256
56338
258
95681
43959
3843
11356
35223
88832
42105
4178
74741
47207
50566
52759
80887
92573
2815
75440
53896
35589
28958
30152
28674
76096
52804
76178
6322
37891
23722
62443
40362
92164
70971
48547
20493
46105
36006
59094
33895
51990
82065
19541
91163
64751
71146
42623
45363
46144
63238
45867
56058
9329
81514
29346
55450
34931
35988
44882
30956
8727
17356
24896
36765
69103
88174
67337
82176
52093
35110
82254
71452
81843
75477
53267
94908
39733
6517
70934
83956
9362
60311
30010
89911
86797
94057
13648
47466
88573
27089
95975
29550
19975
20688
32288
7625
69777
31778
38911
71890
34894
12020
55172
75623
19782
30894
52231
12020
42549
29042
41324
36247
40298
45069
76762
79397
75041
67604
66560
35396
62422
1448
38300
13878
86949
61012
18941
75625
70375
11175
22682
2889
8661
40773
64264
86197
98674
23496
34892
98602
2624
2577
14203
12390
53016
16045
99091
83689
63378
30113
69925
75372
10939
65551
43922
37373
22273
22645
65070
42806
43548
47248
32177
38023
6180
84984
84032
81769
12392
21722
69117
61018
89613
15839
84067
17802
98203
48568
53982
23091
98333
64533
85541
75578
94355
81917
20501
21611
19272
79549
72137
24304
36968
100487
12614
13541
57078
26312
56087
7989
3732
16462
48208
93613
86057
6994
54720
82793
38662
20645
20908
10244
60901
34857
30154
26162
52416
283
93718
87360
24380
16871
43400
73259
50693
99424
20910
72959
64677
96456
68704
7804
35225
49345
72441
99461
71594
94686
22409
88653
31289
44695
79185
75282
47949
17835
57059
28152
90129
87580
80768
78622
17874
66745
61645
7290
14805
70081
1874
90055
86838
98127
32078
46163
69750
39517
23564
21792
98164
1031
51158
99052
852
92429
83987
93946
47458
28791
29809
18505
48724
48383
73633
95206
92721
28637
65861
42403
70192
63257
68601
100754
10949
39295
59906
39410
48317
13730
47026
73888
67179
89025
49945
85693
21428
23457
47729
17315
17319
49871
4065
883
89650
62157
13580
17089
28633
3761
30302
13872
42000
81995
76963
28894
36487
60089
43811
85469
69888
33897
25533
61384
9734
79286
53008
57388
92536
16684
17311
1218
65226
58533
4295
73514
67364
4472
72414
36728
77664
20236
43758
10347
22832
9249
7105
17134
47583
58050
34598
88269
66661
23389
61489
15983
65191
87307
97235
88799
15915
94799
51945
31009
22717
55871
1448
54313
11543
80776
25196
82441
33638
61049
85541
99369
48029
39624
42259
52128
95381
18832
18606
89416
84680
98495
51096
21928
54763
46541
98830
45616
80322
51431
100156
51063
28781
95091
92643
13619
4149
47840
35260
48512
17488
92797
3399
53055
73775
1631
42093
93272
73117
44878
97276
94279
59869
92096
66194
42732
65598
39365
33447
17025
29817
85062
78663
93613
3148
7033
75512
100886
56683
48716
26933
25165
51472
93864
96935
82840
55524
92388
25313
519
98121
80959
61826
100608
98789
86470
29338
50362
24386
22853
14491
41131
51061
19938
52204
4741
27903
34076
31630
68299
87724
36366
66772
24536
37221
82756
86357
60500
27301
98602
46570
67304
85502
43544
76873
25940
52726
38331
95241
53653
79481
59039
69824
32452
45034
41213
9362
78110
22530
51129
1771
5804
2022
3477
39143
8879
36113
45811
99628
51392
79181
30483
73477
39735
29291
50724
53608
38701
591
8661
23574
25776
74003
40292
18427
12160
8250
16542
42648
74336
24703
98861
64486
66521
72075
10883
27330
19753
45838
66198
44868
39622
33007
49244
65495
52989
81064
47355
30818
82028
24493
90573
64634
33521
28310
20670
53766
35449
10803
29414
23408
56426
67300
8069
11642
91683
7695
14355
90059
4848
78809
49844
92709
57647
25200
91833
52823
54691
23346
34968
52276
3132
87027
33702
29379
63849
17089
42508
15537
18376
73514
3475
84569
14871
55423
33805
32407
42366
44103
94353
37410
48050
39369
56313
49061
12916
81475
180
13233
34674
54792
100238
43581
86131
9477
80032
74735
52317
46253
63598
73742
68521
44810
33856
93800
97416
46921
76295
85913
28376
11576
81325
14213
95040
4464
24604
39059
18709
94536
54099
51906
53618
61793
39813
92709
71413
54535
84246
75629
12248
31225
86912
542
9181
83356
12102
35155
32335
28773
12244
80920
33229
19831
88098
74299
82608
100516
3218
81572
19019
4067
91728
76706
69454
116
94929
24602
92201
97537
46323
6996
63376
77002
87574
56056
13169
30156
57799
87989
64864
96483
25636
55672
44072
32121
34212
57645
68007
77925
77849
67047
18797
76887
42066
78852
66858
74402
71555
85179
97371
7802
39145
22454
56276
53053
41768
58278
25570
93457
42695
100146
77473
28602
30931
54685
79629
45320
77475
72692
55569
96094
96871
38337
11399
78293
54537
9662
85212
9989
75370
11249
81730
30080
35184
28417
4501
75319
55524
67450
95011
18719
22557
70599
21642
71892
4073
5958
17054
67382
37217
70712
24791
95983
2441
67413
6842
56761
22713
61573
45877
39702
35484
17430
13537
56354
35667
65995
12207
80731
90797
60864
99128
76104
63896
26456
47435
11103
11025
1662
23611
95757
27969
25683
60015
80694
60607
31595
60278
19245
16431
40401
82470
74875
35478
67816
64603
7329
98939
86770
100491
7017
94390
12205
76030
29190
70324
809
27270
54839
33928
73997
80980
94982
84281
12826
75847
93486
82877
96131
98717
10098
7395
49507
65345
86326
39038
55466
33408
12049
66299
31936
34035
73099
26750
71035
50321
20943
12947
10616
88729
6659
100849
72470
13173
75625
88102
85876
47328
94754
59390
86659
50058
88877
99272
64496
33340
82885
19449
83477
79366
83208
94571
11804
55894
50917
91652
36154
62054
47433
59532
34748
37587
49692
11235
45398
19759
72114
100051
53018
38522
40798
86908
72414
73294
5808
51723
11679
20353
88953
88651
38892
45589
94966
79368
81956
7683
50578
58759
39994
93866
36076
98388
92912
92425
18871
70523
15831
98711
20094
84920
60457
28847
63672
94199
41659
82616
87436
14914
48808
83699
21679
21274
75467
92055
63904
87058
19570
64192
94392
98832
21798
99258
26164
69489
21496
5056
84620
8809
60638
74624
36557
40993
65602
42508
45509
72367
81064
78221
4182
53684
38664
29860
72262
90024
86678
17858
25607
80211
7323
55649
95198
5105
8624
31342
45172
93724
57041
97860
24863
18129
86538
30974
95570
28450
17081
75855
100682
2207
51390
74034
59631
74558
31149
48243
78961
85362
87693
96982
12916
47030
6178
447
35778
28752
92986
72850
87062
97646
7033
81144
9841
74375
9730
35745
5662
96787
33998
25052
49762
84474
69658
24937
58722
56393
39780
33223
9052
49947
92228
97593
33782
29930
35959
32666
47828
100267
7183
58903
90203
43702
35003
90945
75703
66969
36701
68710
94686
10659
81646
17007
2184
62054
83401
57133
92797
78583
19420
16098
37739
4213
90281
16396
49059
52490
52282
26822
87241
59275
9438
10139
15979
59565
32931
10606
1740
28635
36506
50025
77259
85249
50136
34109
32119
55279
50654
92904
13245
46473
45959
92783
21825
76032
26442
6684
51398
47472
25570
29823
12766
86953
54710
60305
28822
62640
2947
4036
95095
63146
23531
70258
42072
3993
35044
43657
55006
85993
18503
80620
14353
22974
92614
48251
82756
24201
80129
2624
43474
86729
19615
87837
68593
27811
74996
80517
70227
91500
35112
39540
59020
70819
34228
15134
26121
57643
12474
26088
7475
5029
365
23383
6402
54599
7734
91430
80363
74320
38438
50541
15305
5995
68856
72367
55006
23455
58533
11013
38781
31377
83644
18828
80698
79775
4297
98793
93317
62862
19202
3516
27227
24943
54541
7214
97796
99381
98158
76392
94863
38816
81029
34582
23667
38763
55199
11687
12575
36631
27486
90756
70601
46173
45719
7508
2038
72340
49213
84398
10143
96779
29083
68005
27079
42333
60638
27607
68418
54866
98084
35073
1594
51840
51912
7917
68788
37283
89794
18228
99200
81368
15915
78945
12731
1372
42138
61458
3695
13541
38771
19241
30341
20984
32631
6252
76632
69631
100898
18170
54025
89508
55209
3927
54167
92976
42773
18945
72443
5592
87062
14316
63824
49530
47881
90489
6655
98010
92394
53649
78626
81249
79035
61197
66032
14454
14209
34481
77623
61643
34522
80474
19681
65567
5956
52539
55096
15652
68046
39318
57456
27122
45694
63047
30937
41735
14172
19013
62385
93496
92894
4842
10139
89099
87389
2367
68852
97122
31453
19535
44202
45102
81212
8028
40206
71781
54155
8793
40292
80240
43067
92647
25048
90908
26051
94242
75518
93280
54021
69670
36662
36670
97200
11364
55869
19609
72449
4223
8219
57686
91977
11586
81220
45729
92505
21167
76476
48399
46436
93171
54798
73931
64404
81440
33377
19243
27866
33527
99825
667
28633
81257
14281
94345
92577
71740
17784
52095
11578
20300
50899
87317
30337
71115
59343
16059
34444
88877
54210
17282
54539
38736
30411
45733
85399
17282
74819
852
68418
32629
12982
56227
3261
59187
84176
74741
78476
13788
27233
86974
30290
26267
34405
653
91599
95058
97348
65604
66217
58159
43758
9356
50677
27601
65551
32080
95827
49063
53616
13354
60083
93942
11771
67341
23786
1851
15017
61906
44617
27901
18431
76809
77779
48510
50426
71637
1181
47170
35811
85327
13763
86049
35961
92857
86988
13208
223
85138
99527
87732
66772
53688
90505
99266
54192
91500
94205
30226
39778
40031
49836
89913
9138
54282
5584
91615
19091
52689
52352
87282
20053
79070
53795
62490
21317
99369
72147
51172
100043
99387
92762
36709
79068
65773
98267
39628
38816
60677
54023
12174
26968
22793
99083
90193
78250
60346
49908
65713
70525
10468
75448
95278
74850
90867
86509
42442
68638
55425
51398
25268
25009
41916
41848
21790
2034
69446
52278
43990
85790
11874
60459
95936
63571
81979
20382
64034
41556
70934
2589
16748
18281
51250
21167
2075
82219
31408
16283
72443
365
9323
84069
78945
18376
81479
63121
16022
75374
88098
30734
3594
9995
14203
61980
31529
29817
72963
48251
18162
34674
26045
96937
53871
43546
47059
39400
19827
61980
9393
31926
16980
76585
59312
19496
38773
77405
11864
97681
70139
37883
76326
98162
4408
5477
96828
78842
6914
81066
66599
95422
60038
87574
59312
77650
75261
67586
67152
53322
64714
48845
57004
80441
91646
65117
79590
80291
47947
32158
86947
91940
37698
13177
48732
81627
52527
17821
75068
80184
70638
20762
75113
33081
22528
1333
22491
86834
99073
32629
3206
40362
88433
70375
57460
46771
84217
26487
50973
33231
90203
27895
40510
75518
7588
84289
8090
52874
1697
24814
83691
62895
59458
85469
80472
72930
97815
32859
17685
36520
90092
81239
1004
9989
5389
23944
76077
34156
89317
90205
89508
75189
18312
99387
22423
39067
29381
69674
73849
3956
86205
14466
100405
29344
30121
14466
62459
38370
58572
65107
22676
91095
88908
30117
85502
82349
23685
58274
85950
39700
32152
28894
71333
3851
86801
48031
22014
12567
41030
5588
6694
26460
41215
63738
75541
66531
86271
37024
27492
49012
93424
89761
19938
39885
38594
54021
87876
63043
68445
46806
97223
32711
100787
43507
64414
2885
72338
25196
97714
43499
98713
23309
43684
88207
39143
13798
60944
21058
2955
42917
36736
94863
28158
84283
25036
82061
14990
