89276
19206
33225
3362
85393
14092
40169
76133
14877
3740
13358
100072
91983
23311
83062
14396
10766
27401
65271
43036
5884
60383
40650
29564
99636
92133
27182
44321
42995
70858
86030
31918
69857
99821
45032
39038
90349
94170
6147
93430
70517
61035
82587
1516
57419
70860
90355
62344
76404
73265
65896
74875
37262
65606
69592
95938
75703
80774
62165
2170
53904
22125
31449
12390
21276
60942
77919
75504
1812
76780
56975
48901
26719
76733
13545
92873
50321
24386
47511
27194
11401
56457
89541
52280
29784
70998
92542
17463
49751
11975
23276
35404
39737
4704
32010
41390
64710
52060
78735
85467
75929
60235
28084
49065
6733
62677
99961
97048
42140
30567
29375
28158
71777
79463
65341
42167
11177
91389
59871
38257
82211
18236
87430
34374
65006
36520
6398
84026
92571
53285
41515
8727
33114
3909
50695
98347
81257
88322
8139
20244
58128
15539
24715
64566
90832
85087
65820
848
20493
98518
57984
25342
58864
89839
91459
33001
91469
28008
1468
58743
85771
77366
60681
13471
52833
9496
14491
98458
75586
87574
22937
3518
47532
51024
59723
11728
79518
3769
82552
56866
70221
73228
39071
13134
1407
25196
31011
31595
83033
82396
75701
66196
97500
85095
37850
78252
44662
7942
30715
10953
75927
29753
92982
65569
51766
94337
95235
16207
91829
33850
46064
63275
81025
41260
86437
96055
55468
92501
89638
14805
87436
70969
21901
52471
29188
53349
23601
62938
5510
37848
3033
96086
46985
35926
73744
65958
5956
61275
64564
76772
13950
79738
87352
68967
49982
8361
40253
99122
37920
79555
81288
17568
11428
69894
77995
30857
71323
29420
12871
77623
34302
92154
66605
16279
41663
65884
12176
43877
53156
1253
94353
70260
45764
80108
11771
12877
55834
52461
79759
89948
4665
34331
87973
10801
79833
67339
68895
25272
50066
100343
54576
58317
51427
63524
60889
41737
60897
31788
51462
40923
41846
96462
60260
9504
45402
93757
73857
39548
82071
70147
4067
83126
7210
69454
6992
62710
91831
71230
17204
2293
50502
27013
13656
37630
73372
67549
37375
88542
70038
71183
14764
9911
16318
28292
71302
54932
84511
38551
27385
97120
66994
14207
22236
15979
53304
95278
99858
46436
4768
84511
47583
17052
33930
67415
95685
59351
93794
72256
85064
49170
25155
76963
83847
9200
30271
84842
9031
