36000
7757
100423
58122
14573
61481
7202
48272
54570
74219
65310
99895
20793
47096
50574
91422
27821
37428
90164
77576
72147
92209
69639
10180
17245
64441
30660
67705
11975
34222
14462
73189
26405
90986
18314
5500
80213
10844
93578
47653
44683
57164
45349
51797
40668
1208
21825
69933
10766
43178
81839
93909
95644
73265
79471
98497
40738
96205
21539
95907
19911
24896
68743
33842
41731
616
82770
1409
74073
2207
61121
21940
19576
51092
99052
46469
13066
27823
60864
83471
21535
54354
72071
19975
76073
2184
46763
26793
66266
40510
18164
44395
71631
27048
40148
99638
11383
9274
67933
449
39846
92172
46584
7323
14429
74404
61600
69300
19938
84513
23556
82394
22499
47170
1966
19013
82546
68344
24830
13656
57522
22826
4110
12542
72630
80879
68196
29048
34594
2622
93393
59158
20966
97829
78667
41768
73115
14454
4075
78686
64562
19126
59721
39143
38993
76223
38076
22483
26368
26080
37332
49620
82846
52543
6626
1296
17599
50728
29971
40658
6832
60122
39038
66743
94123
20752
94830
100497
30670
60307
80513
100051
26635
22606
96353
46880
83436
632
45663
61203
42993
30417
56058
26125
91377
51507
73847
42473
69372
57678
22906
33998
1541
79775
27496
76521
44284
75553
20162
23677
96010
24863
889
52416
43700
51912
17424
45801
32436
16618
71230
92018
66118
60050
80110
66883
92421
83985
51281
25054
31971
2739
39924
21753
46089
8213
99309
31451
49248
11989
48171
49012
22941
79438
18240
79434
85650
60494
45238
52687
8219
80583
17681
25790
7479
46541
12649
51612
32859
82246
64303
26491
35406
100308
48171
57263
99753
70926
89913
95241
51980
51499
13101
33192
97307
75958
99342
73257
33110
26109
12427
88686
53896
38331
25829
59010
37542
3625
42366
48025
77660
77109
92240
38327
8423
99015
67853
61123
31749
94318
11327
75189
41217
7239
74443
29548
34888
100123
49688
66897
56907
18236
30855
49012
100493
64048
17488
44535
76145
12242
93930
55688
4482
45359
49916
2170
62603
43507
41147
70842
83570
54058
58095
90026
394
5888
7292
39589
21940
87027
13763
1771
62813
2591
75818
819
92429
94645
42981
3076
66856
69041
5693
70932
48420
77586
523
85420
35447
50492
77732
90526
56457
61018
87878
17580
100569
88842
84653
94830
87270
97453
43511
45285
190
53341
45844
43036
35895
45916
83214
67228
35449
84696
74579
69074
15239
86604
9508
63941
7284
83582
53055
91578
66527
2850
70665
12863
16577
9440
74320
46617
44471
5296
89527
46329
51139
32080
86604
85101
28300
20980
39961
96606
23685
80803
1855
80832
100084
20275
2408
86160
8994
53168
15490
11874
44572
19093
53760
8460
24230
27603
78665
55534
29745
9658
40557
49910
8178
25050
86840
43665
99268
70591
94458
97350
50418
77146
27192
44239
40520
1726
21243
94226
11623
45505
35488
100857
82359
47143
37772
84803
100415
50064
8842
89878
51063
32547
79923
98199
34138
43552
34701
47725
62903
95161
54687
23344
64071
95239
74135
9284
77995
30006
76022
29451
80587
22972
57575
14499
82659
27042
30012
69892
77738
37219
41361
29967
41850
24637
32674
32337
9471
27120
71333
37815
75629
49879
14639
81979
97381
60313
5703
40220
2480
83915
97675
37038
25792
29087
54537
29373
14879
5590
98222
46911
704
6030
66893
74554
15321
69304
24600
100569
90489
48383
39854
72301
84439
48808
3921
31178
18135
6361
81438
17243
13418
24415
92353
65754
60564
90912
81183
36740
69269
38662
20349
54617
78324
33410
46237
37949
17210
83397
31379
53682
56523
13751
43805
27490
82252
65189
41548
90499
87430
79138
2069
42810
66827
1335
94448
72630
48021
20125
25459
50095
4406
93317
44732
90577
31593
57503
63974
59423
78663
21646
33192
55908
69785
69861
96645
4474
60685
35507
88836
36191
3983
35042
72856
41408
30031
52911
17950
26304
59421
21613
65343
6721
7958
51174
35478
13399
55024
82587
79547
875
67857
82215
68118
83027
22900
1596
74961
29677
63709
64671
1668
11763
68030
51538
46769
65403
37616
8100
13214
11206
23860
91683
16193
73442
43881
14061
30475
50247
63376
81403
81397
55468
46177
3072
83993
25979
96721
42364
74336
58015
39207
25192
89134
26308
23825
23494
85693
96351
40964
94871
15693
28635
84717
20419
90803
44327
7091
4550
93315
93948
47435
99184
40029
44432
19634
74468
93116
98156
7025
69750
59779
76651
94723
65195
56726
58833
21457
71442
7323
48216
63376
35743
1590
100865
47947
1002
44806
50233
79693
69929
64307
8661
27293
54872
62387
25533
92672
31891
23712
30789
66772
12916
19726
7730
46288
6036
69259
61296
65014
39910
44623
73117
51861
59501
41287
72803
40810
27048
37431
57411
78289
83697
17387
36633
4517
47213
41813
94826
17907
68486
76474
85652
29235
56905
20166
13769
77588
51614
98045
62564
66340
5093
92577
60112
31825
97379
50358
18275
61275
97556
79849
72449
11989
51429
11138
95206
16240
55094
14398
86456
56459
30894
71841
48658
49583
40705
56124
97593
87132
85358
75475
70858
100154
76318
64385
41809
59682
88758
44960
41686
31521
18462
88686
44588
35371
12797
41698
82400
87362
41575
10735
80887
22828
27825
8067
40843
32115
65896
4326
4289
44646
77105
49427
76883
54274
96390
45803
96686
74554
85323
94485
79362
53137
10976
40436
70564
98053
44923
96047
82285
82953
57834
8694
4217
44728
29605
13909
16285
87492
95794
80624
31677
44738
86020
23407
10624
90711
52502
25332
26516
28514
17266
38800
91794
58387
22076
94906
87545
56424
43696
26376
68081
99303
20974
11383
35519
33490
55945
53055
53464
5619
30855
30668
72073
71931
45312
68667
73366
58124
75514
84318
61444
55978
6100
25971
52060
55096
1253
16238
40773
55170
95114
44847
52354
13060
27533
90988
100748
13247
72303
66632
10768
66309
99492
7913
89868
73738
91424
56634
29299
21015
10133
2811
100933
79960
65639
100627
60527
24939
40370
52194
75485
15872
80881
41168
48494
84400
47992
55088
89136
23309
90018
15759
69520
91535
82986
34294
57678
48946
49507
30968
18931
10347
57337
3845
23278
77362
43402
34968
5333
69140
33554
57419
63119
93502
42072
34740
88750
1035
71730
22232
71857
26738
52490
5027
19311
6684
89860
40111
74883
29266
3613
44553
36080
58685
90351
7806
11309
30031
23829
21093
51565
20090
96423
45106
47840
26787
49752
68490
97796
21344
51879
24639
60457
56572
28273
68817
66969
37591
35704
27819
49501
97833
56352
87103
6770
26793
35932
64681
25776
54282
3621
94041
13249
75171
39776
13874
23019
74005
81366
35544
72951
94719
85391
36191
85617
42177
88100
98604
6663
32409
24388
99938
79773
14380
4390
12437
69584
35507
54504
79625
86211
25757
71300
59166
37846
18053
53579
76548
9915
32962
100082
9913
61756
91726
87691
1255
74291
39363
80733
73136
5662
95595
23829
84252
28754
50492
22166
71559
49429
90563
13177
43129
46806
11058
82737
25307
79512
53982
79619
85420
35449
76096
32436
73372
39215
34360
73960
64416
29494
57086
14725
86914
77111
10692
45135
66416
6324
9218
35038
32861
40576
10137
69374
59271
79037
94612
42389
29254
78963
31149
92080
64050
9623
72877
49049
41215
87354
23315
35591
94651
8145
85753
36226
75744
58463
76032
20041
14916
44654
60564
100271
17650
82211
58566
43063
71656
43959
3405
81350
64274
42255
74486
75586
33854
5771
21644
38039
95644
70630
64858
19317
16320
98904
24793
3592
47032
93681
23165
81313
11095
76215
63450
82729
24055
35073
66671
480
93391
75837
43406
31599
7627
18756
8663
2920
42255
36773
77956
87539
7360
17348
98863
4334
39392
97570
13654
70332
7128
5703
54321
36374
75847
12363
98826
35924
56385
64233
65440
29895
33821
55277
18024
9582
52387
78879
92540
14945
90684
33186
78519
59828
71775
97601
27494
81662
82250
90279
56605
57686
90711
81847
63450
51351
96943
24277
94226
79442
52502
11420
11808
17907
29418
91835
63750
91093
29640
90464
38800
95757
61444
22719
74149
73927
27605
96715
46179
28863
2071
27825
51020
38294
84696
42510
68260
23570
59567
16057
54155
74106
13095
79257
18797
30974
68747
98314
73080
87541
42331
100162
51168
50658
49326
7535
55351
79923
94382
99480
66560
94892
26748
6583
17722
11068
61869
27975
36802
64377
74151
6400
88306
3218
30216
2178
81212
91504
20707
71374
25677
28551
89835
8770
45731
89356
86951
42629
81442
38592
92277
64381
47474
70038
76920
44138
28380
81068
5806
72297
16859
72784
1652
5732
36405
51639
12762
33040
3031
54946
66523
69520
16649
38738
96454
53534
82805
97790
72299
12548
6624
293
76404
3592
23533
71064
97075
57604
32119
33858
40983
80737
63086
16906
87011
94863
998
79329
17683
13175
31336
92024
21870
89905
83175
13023
40806
79736
92643
19346
99938
12382
12538
82879
62194
61481
32524
14647
83921
43240
85642
19613
57530
9792
64126
11975
79555
100380
73331
2554
76400
56708
77292
61602
71707
46512
31079
99087
84840
23426
4659
35001
85654
23311
31299
45994
53836
89097
42843
99716
13946
54274
78920
26750
42362
46810
73109
97126
68630
76815
58817
74708
21669
23640
47505
93607
92014
50837
68603
70009
97975
90799
78663
36440
97494
92318
76628
76437
72803
25716
82766
79183
73407
78143
66254
61259
6663
83440
33712
11216
7397
83142
10100
57086
20197
2593
73855
62784
81882
86731
27708
8248
88875
29934
25050
7732
81623
7179
70527
59279
84988
78624
67049
45063
81442
14135
92976
24308
14246
97223
10213
78883
43803
59497
53353
3808
96569
86875
37774
71043
91303
89712
98388
81804
32251
17054
42035
3142
92431
81950
73247
60907
29379
95309
27272
2577
23052
55312
21901
93245
8143
28411
14137
78472
44738
6996
13395
38142
60825
49505
1744
21683
47289
25309
50325
17981
98717
28528
37079
24236
18135
24534
9015
3808
48282
46385
39022
50280
77327
60564
66196
94569
40629
60866
32520
27455
27792
66708
47347
27710
41221
27710
36366
1072
85309
69306
68120
89878
78168
21241
58683
98789
12760
25081
98230
48138
10840
3216
48623
54911
40290
37406
10727
86715
100156
95410
56276
59271
88861
93650
67413
66712
8357
97159
46541
54533
72852
80659
73557
85654
13103
10990
22236
56681
20115
27108
78260
65495
46319
14871
2476
33334
59900
18838
47291
35885
38372
30234
7845
98407
26678
38707
72223
50685
4842
47947
1851
63709
41698
84250
56541
93346
25644
50469
40775
12577
3890
8363
39482
20057
67672
86390
77035
29011
58862
41371
97165
96232
2589
41852
72219
40477
77909
27198
74145
57423
73368
69045
65937
26859
14322
47014
2688
75483
42999
5516
50251
40983
77000
59682
49620
47579
1929
55394
1218
90468
65604
21983
40919
83545
60015
58299
18799
32524
37036
34257
26933
22816
91193
52130
26199
89765
87399
3964
50529
56132
25110
28419
6258
116
26775
94612
69370
65228
44664
38187
25009
51133
56153
12474
74671
52860
99414
85732
58724
85549
81535
32337
65448
57633
20686
87130
74778
67487
98859
27895
43550
15241
27116
28972
47172
68484
76476
96020
18902
14768
97677
61822
63785
100045
43030
30637
29971
22460
80291
73185
71849
44099
27301
17007
29788
31521
81553
2334
17389
34742
1851
74708
90285
82918
77399
38886
26493
30086
82404
15379
68252
6474
7362
48724
73002
37225
24333
65376
94300
41242
98826
95048
90719
31597
84939
86271
18799
66513
60194
86205
76924
24869
73115
66513
84692
15165
17467
13288
35782
29809
67530
16951
52416
6957
17500
21496
12762
71851
28045
28339
56463
50426
63269
61925
70301
97685
66823
35155
14949
69224
27811
83693
52278
32518
16970
44181
64272
2484
100793
8028
96002
35628
63345
69594
51614
27634
2445
41028
25677
98156
66198
27638
52241
49205
43032
62046
98608
41371
47920
44958
45731
17504
41180
56981
27163
67043
78369
19759
11652
17422
87566
31141
60085
94238
12289
246
91903
76624
75958
58272
36635
52268
37445
17673
63084
47174
70260
11508
96945
69666
65970
30557
85989
13987
44514
35840
71113
4476
37283
29632
59164
69672
55236
96750
19533
81919
73520
52171
47254
11142
89313
68852
58605
66272
32631
54615
20022
17243
41622
10587
25124
44144
23860
97679
61166
36987
74739
70813
40296
44697
18828
87344
88898
58165
99073
76667
4924
60944
20643
30382
46584
95529
38590
65588
94725
17689
35266
47246
8988
49914
24462
94503
86178
39293
96495
91944
52025
95048
62568
85169
85763
58825
92834
35554
38023
26306
32370
56866
90008
30343
52169
61637
72998
45470
67660
92273
40921
87210
25827
12382
71707
3547
58272
85321
23389
92943
27455
56130
96160
78667
37809
29494
50689
46177
75430
3035
3257
13722
96055
88207
92014
80361
88211
42403
67966
91056
67631
95278
92129
5426
85652
27636
7387
62122
56494
49168
31558
58484
40407
82065
90170
15944
31225
36183
79177
87243
36407
54874
41996
9138
53793
38333
79370
42547
76614
96493
35443
21077
83621
78427
39614
14139
97198
83173
81950
82809
11946
47024
53618
61869
35038
61119
95755
24787
77884
69228
14047
94353
100664
44033
74634
3851
2104
48993
72340
47955
96567
22676
44991
44101
15469
55228
81247
12466
50278
34405
22409
53172
100637
87603
86873
50800
94448
41030
39706
64375
18635
79093
5146
67300
47881
68782
89541
45513
71035
84846
45879
76151
59528
55170
33003
34483
24121
1847
17128
13319
44882
59187
28822
43772
79545
79880
84754
49986
85134
77438
20226
89247
7506
55941
8423
45848
21870
21632
45248
89613
23681
88320
33747
8719
14731
8772
7849
90873
30378
11545
60379
96742
92857
5181
71183
59935
96935
88651
61386
13134
63423
85617
7099
2408
10507
83364
91204
62642
29217
46654
75393
53322
66476
32917
31104
86583
51676
38956
52942
85140
21021
45838
32781
59495
19753
48804
94567
95391
90207
85214
94425
78252
77029
96092
46691
11103
10532
89543
32267
95718
43291
88501
88464
70961
45176
77777
98055
55503
357
89804
27118
18684
51723
88359
74357
74295
73707
42584
21946
85171
91870
1298
25570
15823
67012
5434
63384
75514
10624
1356
31149
21198
7549
47028
73337
42738
53359
16164
60463
26896
39963
48909
72377
75851
48245
98314
41147
36913
20460
73062
60416
59682
30374
85097
69187
89720
73148
33445
64560
62924
36931
100830
4735
70712
40475
32563
1874
92501
32140
34915
17395
26789
96723
2429
11693
72636
11806
63563
12805
23642
54313
10252
98563
97938
36594
46802
8104
782
34855
70410
42660
3325
41147
69962
95206
77699
34812
15989
33558
15463
75773
62083
41797
49655
48617
87122
58354
14240
21942
54393
94053
41953
95410
65487
12649
78030
43137
20390
4186
50432
97461
33525
79362
41996
4439
52944
67787
35256
64784
84061
14316
38189
31414
22166
82476
10994
31336
39262
11948
48066
37922
75467
13899
84236
95346
37801
73187
33591
89905
11913
96871
84318
9580
21459
46031
89757
41509
3703
20078
49316
86287
89539
85101
65302
6739
91691
68410
2630
37875
55579
68601
12875
2807
18240
37408
80443
40224
74032
40142
5693
25054
53686
4501
50321
34520
64938
10585
77882
217
42185
82435
89132
40956
7327
79592
35410
70305
46290
12579
43869
22643
39702
17348
97457
48401
17426
60387
52654
55051
15942
73847
96275
12355
56422
35451
52461
45468
79796
38652
12141
70116
3481
17794
41141
61160
89243
31856
75921
53020
20760
15284
33926
5296
59094
49871
87436
94867
100997
16242
67709
2881
59306
32265
17391
29772
64496
82735
408
32917
21311
95796
26310
79294
96641
31712
65070
69473
9173
78439
51801
55610
58124
65421
7508
74186
96314
57834
24049
55571
42029
80883
88982
93689
264
79368
52802
74653
6918
30226
67327
7142
38660
50973
32008
2040
50381
69594
42329
84754
26828
58225
23165
48395
62200
43665
87469
86507
1409
39480
55943
42140
17609
70620
30158
80203
96271
82830
1771
65900
53349
58751
36524
1146
24203
82881
75290
62757
74772
21132
33188
23128
32296
19938
96816
76151
53359
28271
33967
75294
50307
1884
89284
64745
57022
50578
10437
68155
9475
20826
39743
48835
62739
43922
61863
73849
70521
78145
87134
33118
6585
26746
27375
4295
3146
23383
76221
59491
20012
96567
4221
50578
89971
64829
43100
35554
95521
35114
4760
15206
71600
86139
65892
97416
40255
63746
14653
10717
19541
37634
38331
42111
69409
76550
99050
51542
58206
41881
19940
100487
73006
25159
883
2735
96863
60823
3699
74217
27710
92098
98795
36411
25313
83880
58983
14984
90018
98822
42259
33038
20797
79960
93761
74854
18871
14055
56609
95202
6544
66272
92968
82690
96129
100524
26308
6396
28526
42177
76688
6840
64007
43139
38660
4252
87284
40000
30746
43363
65158
35885
15757
94795
80322
40884
60936
76624
3882
43406
445
76593
6326
7107
15313
77372
1076
12139
35669
21928
78994
82774
36744
75261
77919
72118
91099
55783
93389
2725
78659
58975
25073
74328
88314
87763
13393
81769
48290
56829
14318
26516
74560
52021
13358
552
23496
44440
83847
66513
91054
100146
26183
79360
87732
32154
63119
22380
88540
91650
57012
45544
36705
80546
87058
23052
42551
46208
2772
87510
15173
92353
35856
91389
15027
95122
36298
7876
16170
37032
69473
80330
11545
83103
92727
57164
8028
52305
86359
4704
87874
81845
20649
68819
33001
70406
76365
10098
50325
49392
46763
73405
26553
27856
2737
29957
11136
98162
89424
20571
11317
2926
73446
89950
32448
10581
91284
72340
11286
29268
38259
98491
20499
68889
8811
4443
39104
38479
84466
81886
20057
22750
12918
86912
4279
84281
52757
7660
52471
78034
44165
63265
98711
90729
50432
52023
51435
22353
83771
13455
94059
83434
90526
51491
48660
69779
81516
21206
24345
45468
17979
4994
54015
43848
95233
9436
83216
54911
76776
62013
83765
78223
86797
96131
90275
47139
49026
48097
85882
58909
31188
7845
89083
60239
43073
90653
13722
79697
47945
53018
61423
72891
15948
89749
44989
28600
3927
85317
15498
65670
70562
98121
19130
9837
39252
48946
7255
59974
50915
73181
28857
51914
1438
31030
84030
48621
28088
96567
1964
52428
1588
32857
33435
92133
36629
32041
49620
45398
27159
71781
5625
94152
69304
11952
13066
15095
28818
55857
7286
68928
66525
16168
26937
24861
25936
88158
32666
43692
50138
5740
29344
5907
80663
39669
75370
49474
50693
57834
85911
64108
89352
56354
71368
49437
78406
46422
64788
42218
46841
31669
24518
56611
88581
29486
24824
4131
28160
13288
64194
88205
92460
82402
54858
75296
37727
80698
79960
6610
60050
30271
19634
95484
79438
46029
94863
4519
69898
38282
68453
40074
95410
38444
14464
68044
48728
92828
41182
51861
24238
4474
13765
84283
60381
37776
40958
30956
30491
90988
97860
36781
84394
14838
4511
45579
46656
45805
98201
38337
40958
46802
36555
99424
91543
4844
54451
47879
11436
24197
43739
13430
2737
95077
21973
30043
100302
46288
31926
76778
45238
12176
63419
967
88873
55758
5736
97186
26997
36446
70079
12086
42033
28440
27190
27404
97741
6174
69191
20051
965
63183
78141
100826
54052
31266
58644
98197
22684
17718
81588
21200
25712
73107
25052
30119
12456
52835
30401
82460
71627
53577
94910
51425
3810
16978
71742
31741
47172
40853
61193
65711
29484
41879
94540
63553
96306
56798
52305
8801
36617
78996
79956
61999
2630
61532
72515
99679
98902
42138
54720
66159
73477
64414
78511
20096
67707
264
1333
93095
75111
8431
37957
99527
24495
68710
77222
74443
4400
83948
19457
15979
71878
48243
83806
58313
21243
8326
62490
7473
17208
73154
52615
21048
98343
46697
79251
2291
9395
100183
80758
44253
42804
90764
40520
49094
59380
2513
72628
1259
42068
74848
92709
78741
9319
17580
43145
12696
68418
64383
50876
57725
100756
85623
24160
7257
9547
67707
33786
78620
74186
45877
27570
52167
70079
23971
70998
35005
78694
35038
16016
91245
83023
19560
44987
40890
11654
28744
30631
49250
626
75220
18339
30448
63746
89416
23564
49797
1097
60015
88028
1652
97202
59871
49807
91646
59606
85171
19819
45922
27529
64196
62710
40695
42989
14935
23926
12174
47614
50726
68634
88803
76260
62979
100232
66895
38890
41369
87097
15130
20236
1631
20170
81646
36479
28859
66860
23971
27531
61489
98010
17274
81989
75319
10836
82587
8990
40586
75927
43805
20982
58854
56459
28672
76595
3000
9911
42586
297
25276
59425
93946
98898
95418
76281
54757
1004
86805
40851
79592
31482
35184
58054
11208
71701
17983
36144
57014
65787
37801
73699
5405
1060
12470
739
23157
39780
3399
76001
49466
94425
27823
25710
72700
79179
40779
90462
69855
77658
88731
4731
28672
97527
58835
29823
93426
12982
86992
14096
94793
21757
89389
46903
67448
48919
34989
43610
58021
87841
80887
60019
71101
63236
17395
37112
17570
45437
20781
17837
61234
56687
92820
90785
67031
46995
32485
44175
8696
36298
94688
52611
91210
42500
94575
9401
73631
44212
88721
87611
29383
51361
38368
92717
61789
79627
23157
38516
50952
49937
74443
64034
28935
65602
35729
54539
88026
29525
84883
61296
66527
11029
54313
16168
87574
73929
50167
87973
23714
16096
53933
25858
24092
2355
47729
97052
24999
69602
11765
98415
26604
40206
74739
6698
17091
92869
13358
9399
63935
46580
47359
100343
9459
78250
57004
58426
47067
72373
27821
46403
50876
70897
9549
72988
96016
80729
22760
18686
92598
43330
67271
33893
11950
89356
9274
31743
91321
16464
56866
51507
23825
80943
36670
65588
100678
73802
48142
45400
34952
33079
51583
20316
97492
16727
9101
87434
42204
18353
486
55758
98754
22536
66379
44516
64085
20865
59162
54831
14507
35766
9656
86135
31632
24267
29809
77806
93243
61185
6768
88314
95017
18353
75699
40664
94429
98203
58753
3331
86982
75475
18170
82016
62864
69140
59830
34113
6507
42253
72192
52905
31529
94610
9808
57966
62975
7905
43184
98896
14869
57131
24571
67197
26257
85327
63164
62591
40113
15860
95198
60640
52796
59927
91385
78959
66077
10495
48650
42767
11605
67160
45663
92351
40187
10509
64634
80441
84347
27938
10246
61162
45145
60157
82137
63454
66587
11399
65049
94170
79399
64379
64457
26304
44366
62087
90875
63084
27753
73664
62936
73777
74727
46652
3066
54539
73596
7510
28265
60572
30596
74295
61602
97646
89952
78694
26487
84875
64044
29050
97149
23533
77658
51100
819
29864
23198
79518
23389
13397
86908
5255
38808
20686
92762
98125
72963
68326
76252
38220
84248
29772
85841
58272
99609
65857
61898
58788
53941
94448
59760
46995
16941
50395
2503
30746
4723
87539
87833
45289
9430
852
75549
8275
99237
99640
43924
29599
63495
33190
83769
14232
17284
71450
56021
42664
79103
80515
60054
13323
82509
38631
64311
82172
6443
8505
2556
30937
18727
29299
48580
58204
59345
14803
1294
63904
27404
70110
66513
73960
45657
51898
100012
36035
99044
46958
52915
68599
85845
37856
45386
50362
32263
77551
35560
86139
45252
99897
82735
80811
7498
32152
10587
7664
51472
92207
25052
60981
51536
70924
33190
9533
28300
54757
74986
17866
57226
27087
68667
82618
12123
47178
20273
98791
5477
7757
58336
74743
90499
15613
82067
37371
36444
42703
49246
5473
12690
43546
35671
26072
16092
43063
33704
96594
37227
30156
84384
18910
62406
18199
54393
66155
39034
55871
6478
37704
62488
98199
19720
55135
54504
73670
55318
17644
47838
7882
86953
10696
96199
86248
31044
50915
65633
60611
49692
96538
93095
52833
5074
69769
100664
91062
100269
64007
8949
79477
23272
27346
98719
8433
91537
54580
85771
36816
49065
23233
40806
3590
73189
60019
54985
66309
96530
18318
17615
56726
33998
6661
88285
9393
98333
99792
52352
6129
9477
10733
8951
28378
64971
33153
24571
27716
1812
47618
42181
48987
79611
69890
48915
61824
63088
94022
27305
91685
79629
33891
46430
53536
89767
88583
67567
30475
79621
66780
73590
48689
83551
61939
45955
38662
79251
55760
45922
94752
21864
85393
74369
58013
10098
13874
17395
97741
94536
86653
9545
56315
73025
50835
55978
89646
45511
89319
4369
14684
4583
85800
69781
48434
91282
17052
24904
97196
45768
58609
36765
27455
36111
21521
98978
46237
32787
84910
83767
39223
65234
73481
36294
72256
89278
100271
61259
46993
37887
76992
81358
60305
45291
54163
77000
13288
53793
53912
28958
69740
55043
97223
21344
56134
24310
44802
79845
58607
41834
6509
51102
56948
13317
79249
57382
94078
39034
17015
65292
82515
86102
65421
62776
90349
64636
83533
38370
56757
20575
51380
95965
32195
84618
44660
51688
44506
39836
1331
5142
29340
14575
33139
72562
88232
95206
45460
16579
48568
11586
72850
37217
51316
70213
42804
79845
82474
98407
23605
84433
22705
47733
20604
95354
97167
77771
23963
84098
22602
86353
28199
67705
11989
90349
70821
23638
67265
59164
60334
31414
64605
51055
97389
91792
39328
11161
100565
3039
97786
30974
95909
6583
18386
74708
33005
8875
38662
22427
32407
58387
13358
95905
77687
37439
6363
44144
7991
85436
54350
30376
84643
68381
98092
33250
10657
63923
89243
49287
58605
25757
5880
77428
14205
42481
39077
3253
46736
9144
26711
30105
71064
77438
61148
7868
46023
46142
87208
71637
46617
16762
62457
85087
80869
21646
61185
47400
53351
91907
27011
18281
98676
36444
18320
55164
21687
46475
97416
78735
35850
34446
50510
10949
72264
82367
57982
49252
4069
61452
29564
60712
24222
39651
85827
27157
41704
94828
52453
71397
7802
90725
95568
28641
86694
301
10431
68334
11508
73078
49947
61306
18651
68844
47696
55209
28937
32436
75023
6721
23529
66007
43248
73884
47881
10215
27046
71812
18460
72359
82585
50270
33934
33114
75031
41963
4737
38263
54169
82065
59458
52167
29143
10653
86464
19609
33523
7884
22756
84513
87911
11358
3773
35784
94717
23749
17858
2221
28382
16690
48272
3888
1925
76402
92055
27751
17648
50732
80178
1144
43028
1224
48619
69555
68149
62124
27745
98497
28339
51799
50944
66846
5333
12316
2706
18834
36668
54313
59678
82922
96721
26997
81886
81350
33157
64367
71925
96010
74032
56204
6811
52897
22939
52169
912
42325
28300
1411
63376
93531
85946
80034
54428
62015
100997
57423
63678
12213
39883
14435
47976
89379
30623
7621
11956
11142
93613
31825
23309
48465
17389
46251
83403
43330
19013
53904
4057
100271
30968
49285
67530
53127
19449
77921
47470
82581
32898
69222
41626
40884
16092
41256
38553
9736
54354
86098
4036
1631
25344
77325
83286
68562
78770
74431
31085
91432
63830
1999
38479
59446
82581
32557
100678
62295
34820
100302
44736
48549
82690
24795
35373
34701
50062
33525
94873
62480
39219
85652
20427
34189
27011
55425
100896
85103
67631
35848
30771
58574
