72885
88838
79064
93280
55316
27634
91835
70361
98417
54833
57337
20758
100931
51355
42066
587
30596
15228
12881
82252
52202
24037
41834
75662
81477
72854
10162
72523
81475
69413
90166
5997
24347
53836
16608
55793
8996
93648
56208
87430
45803
68780
96088
82770
100347
42331
26900
52648
52543
24602
81064
64823
59828
77329
13027
38781
23196
20078
70893
92020
7693
39244
72704
29157
61754
98528
92053
20596
27367
7434
25128
2067
55355
13321
80139
94503
46399
91128
16464
29268
94610
66194
32555
29303
2178
6365
70116
72451
94055
41180
79925
37920
38985
3224
86172
32152
74521
18129
21387
16275
81732
65045
35488
99599
49324
89765
90359
65452
46755
54356
98676
49982
67929
41057
74616
81543
33926
48358
91681
49141
64681
50169
70040
76959
46432
6063
46800
98832
67713
41073
93568
73559
95572
28935
80887
87580
10326
57707
17835
21410
34822
54200
5732
94162
3810
95983
80402
96053
81387
40370
41926
86318
10764
50247
100197
12840
58311
90429
64529
73561
80961
25562
75845
31262
30635
57789
53008
59090
88982
57493
96684
68081
65230
98937
81251
41926
32970
97453
21188
97342
72951
3105
100339
19901
38555
10912
82254
71286
86764
73405
68011
43182
15313
42514
49466
18450
16018
78953
72700
66883
26602
83771
24380
66402
39030
60942
97938
55464
10392
12840
95276
36148
68301
17321
84096
88676
11097
47394
10986
70739
55168
28635
34337
12620
64897
51166
34407
28937
74098
69189
13985
264
92051
64422
100012
13948
35258
58422
93171
52471
47807
90285
50399
69931
84875
739
82289
3919
80330
96197
93391
5722
28565
62665
17724
84357
39256
78556
17681
172
47988
32563
36746
68038
100857
40033
42103
22791
36228
29377
94781
87726
37959
29488
19167
36627
25348
88727
80628
37180
9882
94791
70852
24830
40033
90912
77076
32851
97938
96779
82696
93642
33371
79329
9882
69415
49030
41028
25566
95903
57115
12505
48282
28265
86355
69191
42954
37591
9033
7549
90507
90316
10213
60231
54562
5037
18022
17572
1290
89730
72486
579
34146
67623
3403
135
44140
78924
40738
65602
4075
3884
73191
24092
47248
35877
35295
57540
100158
12063
97052
60899
76688
76910
60831
67271
49653
34002
16984
16020
44286
13613
100528
90205
31373
62229
38775
51135
15724
20345
13693
57873
41217
70231
48395
36111
58909
40588
97422
34925
33926
18020
18468
98795
86433
1068
39614
24565
84139
85323
43515
2443
45143
76776
48212
39918
11841
72774
53573
24045
99640
48235
70369
87167
35819
39548
64346
54765
53573
21003
77362
10394
57520
70334
29638
46251
95572
100896
53137
14121
15527
84217
39367
69668
54208
72552
69750
81942
71113
92244
15580
48325
88213
37443
59203
2665
72745
34323
54163
44905
27231
28754
13576
63419
67086
97903
5551
59129
88565
86437
80437
87278
67337
18162
72470
69935
36446
34927
52245
60163
27862
52268
10949
49065
84838
52804
7066
48917
74299
47051
12392
98493
63600
66994
31936
65744
30674
80256
88281
54903
26090
39151
88916
31083
9948
1633
26183
25239
27636
85843
73368
86937
99525
43293
67900
86696
33731
78585
14824
99862
517
27677
40251
9362
8727
86170
67189
19315
82324
48029
14799
60537
32592
95428
35221
31260
70369
49086
26160
15759
94020
69711
2369
52720
57678
73259
7553
58385
12725
92931
91866
31696
56975
12345
95716
87730
46545
44017
16489
92207
60934
24861
44214
8127
13769
63454
82986
71450
55427
55199
14873
40021
8386
45807
67933
12690
36617
18357
73594
95500
33671
24865
52502
50027
81331
95533
55709
84324
18499
89502
36987
38331
18431
80943
52467
90729
63312
82172
774
88063
61308
50288
56708
68447
59974
39112
53727
38403
31782
80515
27457
12322
45756
9623
23720
37110
50621
80203
21944
51306
31899
10984
44288
58459
20904
83917
40481
9068
62369
69380
73152
23564
72747
52083
39188
96943
48975
94059
8104
69705
3872
33628
59676
65308
39482
38590
45024
8992
84544
35766
21500
93023
59890
97048
18425
46543
50615
55302
35928
34080
86316
78221
95003
81991
67641
18503
79278
99568
96723
25309
45396
69000
83956
84347
86322
99155
49945
12912
70971
68474
44843
48991
9697
16242
44882
80180
6957
47014
9512
22047
96612
51425
4474
47986
80770
76217
19716
2141
22047
82215
43546
76799
46348
75148
71841
17796
55561
3444
58780
99905
75874
54722
43258
75966
75407
89726
3251
98608
27449
5590
25050
70375
10955
18725
88462
59386
66048
87027
2733
1948
49359
35221
57096
67195
64866
55162
44765
58087
50944
69522
98637
80287
56494
704
40925
96390
40327
89280
27922
43361
70065
24828
49538
96573
7387
19311
6435
85771
9732
12316
92978
16970
77695
87835
30487
49026
28600
58531
57908
14059
93243
34664
54200
7105
35445
86065
53304
66373
67567
57115
90170
15545
480
13804
65121
62346
51135
12838
36995
46467
99866
23889
69288
99942
63746
57540
89574
59460
44510
69228
46586
38999
42697
43961
69066
57744
64237
84920
52389
72924
59684
53240
42555
77551
67078
44841
87167
48586
49394
91019
63479
62155
50399
16135
21965
7253
7736
7991
91763
73146
99646
59454
31227
79064
5329
98573
44438
82766
24682
25159
70819
84951
65033
6959
25679
3405
97128
3037
66217
6110
55941
26384
81399
4219
12583
62973
53092
59779
57536
100746
32890
55487
64085
42703
19467
27449
34138
8330
45881
63339
35634
40095
3446
6659
79368
73440
67820
39262
4398
44070
93134
11138
72815
32668
100859
52689
73705
67859
77769
86435
7251
43626
50060
16758
97794
27085
9656
81128
30557
50730
3588
63752
52537
18635
13648
34004
49012
81473
87876
48360
94867
41737
99646
16201
53277
10532
48763
43618
58151
19383
29340
83475
6398
52397
21521
65255
48321
68595
94522
87693
50833
15578
18431
83512
72248
62309
32337
2077
75559
92129
100715
69600
61047
45733
62936
4585
5999
5389
74663
26865
35229
44551
64050
66046
59150
97089
74143
57538
59240
21965
60903
2998
6314
65859
62443
9660
35560
34485
63598
43887
15798
48290
18172
68083
95052
32150
9070
44029
98941
58940
49357
17685
19726
59158
59972
21015
26939
56609
82071
55561
69191
98972
99346
45324
70262
84828
82657
74223
32008
17500
87138
38734
89841
30417
55904
89841
84365
58095
16277
37486
57308
60868
72655
49530
75779
22791
23482
61345
35552
74811
73627
77551
16394
13806
100641
42759
75372
32592
4390
100571
260
63534
61370
69222
77555
7212
30195
12678
18801
12826
15907
79697
74587
4622
72877
26487
17461
93679
92682
76184
74441
9027
32378
50796
43813
45793
62862
92413
21899
100450
37190
61530
34041
46619
27233
71483
27663
90988
67707
3253
94456
74523
98536
5954
8657
40510
11771
79179
17155
76770
35848
87325
100941
88834
1541
66971
98674
83810
94244
8361
80240
58165
72482
32000
82624
18686
10881
90575
59057
87066
2774
66402
10421
58052
12696
51281
91200
25196
89490
13173
3514
82653
61888
100682
43511
61643
86799
32189
36524
83681
13093
81621
90016
14057
90164
40872
54800
61563
26489
31085
61676
51618
87138
98610
82176
73543
75958
96861
22756
79621
41445
68895
68046
76807
16246
59273
6248
53637
56163
23198
28047
20715
56874
23899
67526
64700
61236
23679
23934
37665
79426
13839
1810
42592
85097
42479
33667
75845
68155
26339
85806
37295
49622
67012
64903
33928
90462
98407
70813
17541
49102
38444
57575
44327
78439
30224
7220
46066
51544
77960
29087
47458
68749
25681
26561
72558
83422
41363
9496
18754
41963
4574
1699
69602
16318
20133
80248
39112
84285
31601
35371
3921
18610
41363
39466
91171
84363
1985
51359
91979
59495
96906
7253
77290
80398
60901
7471
74328
69407
9508
97901
74774
79921
25311
79699
56169
87874
12022
5442
26902
1851
39846
28900
28606
85401
19835
16016
55569
91171
91794
54874
77325
75884
6702
2332
74061
35034
50196
62942
17874
65156
21706
83765
63197
59380
76850
14655
21862
88581
99496
75483
50621
20793
48290
1925
63308
84918
13251
99044
46695
74963
55795
94271
54056
60457
30520
82682
88172
46771
17247
10067
9769
89971
99309
19570
35895
74375
64823
74653
97753
2480
37667
23926
85917
55684
43536
84801
9181
13510
69744
34923
25776
66225
89342
66081
29414
33332
44619
25054
11097
83958
15019
46290
19983
22203
11763
58011
87615
80110
77705
6176
98532
31519
83547
43721
22717
21946
50872
57316
38245
80137
40105
49281
1109
40183
80573
91093
61423
19671
37949
4297
15574
3845
48319
58048
51176
42695
51612
63201
21299
66671
12170
21241
55355
69045
15356
59012
96861
15942
61925
33157
16119
78657
9995
17599
56718
96978
42294
88536
85656
27901
39404
66714
79736
34962
1734
2112
66217
7062
54056
93163
83031
36617
4435
68815
42222
81734
69337
5590
10585
90353
63014
33924
35285
72404
25414
48621
78106
35560
39667
56796
44276
27607
45289
6887
15498
49057
71337
85689
16618
29338
30715
74776
82246
84320
55505
14639
2725
86914
59528
10801
70850
31079
63598
68225
39437
69185
20152
58716
83033
38183
16649
51466
15395
28144
47918
52286
1150
43129
86982
37616
72593
56091
97120
84735
25303
70749
59421
22612
81029
30039
12057
68527
6573
40888
23529
8515
53984
100191
46177
52247
48506
42664
26047
61900
39891
56716
63787
33593
4657
16748
44847
95463
46031
46212
97305
24721
43166
5296
33188
28563
44950
65082
92246
17488
6507
11531
83496
73701
12470
96904
100049
99971
39548
23455
56354
90577
48494
35515
61049
69187
13603
50804
35371
75514
24462
49686
35967
2669
16170
23482
44646
20423
20610
28156
27922
23272
40847
5656
88721
100635
87765
71111
50418
13804
36300
69935
60001
29975
92170
62110
88972
38590
63709
83582
69269
56671
96538
84807
5997
8320
5993
62332
38812
16470
16267
20577
45404
51972
91720
33375
21077
26479
13907
92390
69954
31326
62924
62155
82620
43924
67882
84881
3475
64642
65339
90429
5627
56052
77771
15023
14879
92649
82137
40070
68141
43203
51575
84507
91282
49945
80552
29971
27264
68743
22853
64745
58498
87280
14306
51861
89601
41213
49542
82645
100812
88203
33741
61972
84318
6581
43330
31363
13138
43476
47583
35813
18129
12215
85124
79434
62087
22495
98273
35673
43881
97445
65477
6803
74893
94203
88065
39069
95455
56944
13543
42508
36370
47439
16460
82509
46362
37813
54062
25015
23685
69337
72891
65641
39328
1146
42845
64124
34814
11917
30086
72665
27266
16799
41955
29965
62716
21502
5808
50584
91210
28935
69413
38888
63553
58056
20871
5648
70731
50278
83440
69898
69185
71183
17876
60833
71296
29373
48066
72745
93169
75409
88211
22162
83029
46025
31562
13615
80406
74727
50206
17266
72932
78102
84098
9545
53172
88026
42547
37468
95909
96797
46385
97609
99570
24148
65569
47135
72669
36333
46399
92429
53653
61232
33410
5814
90867
91488
18869
87436
27015
68474
84624
54451
69861
82844
13138
36148
26608
36777
93498
7997
50473
58087
29180
77335
20573
55982
44329
22092
49651
60940
35895
41587
99081
90910
10100
61240
35256
27601
22538
4219
74147
9551
86104
36366
72118
60714
30337
19570
82918
15613
29011
55762
83175
23825
15286
94678
24534
21854
61602
33889
84162
18061
95447
50352
100532
33083
70599
18690
34263
78324
23089
25496
88805
75000
72581
78552
58936
45182
51026
61417
23899
23085
80369
100935
86544
69115
14602
26746
13578
87245
27552
58128
59867
79722
9362
34894
49764
86322
1660
84495
65154
88694
92092
92561
65789
85428
30327
11383
27157
63828
63709
38374
88546
23718
75997
25126
28563
30526
91796
24789
31447
100606
87578
76992
93856
47725
2410
79140
87093
51279
58936
11917
93241
7442
16908
6032
54636
88314
43610
64048
19424
15212
57123
84546
73506
26939
75296
53098
81249
89465
91977
88320
90279
76034
44697
56905
60648
37957
61641
8801
25683
14464
87428
87973
114
66476
35412
9362
87463
33340
19930
35667
51912
50504
48827
65082
67705
64897
94421
24127
44109
43618
72729
43277
97897
69966
94725
27385
24193
54691
65598
75777
85975
23757
54319
1483
14861
52582
57310
60276
5331
53098
21457
79952
41663
46660
12715
58196
77021
69481
33414
76371
78772
92205
29784
24195
88096
58311
47069
59347
64330
69409
14768
28107
15989
66262
77483
31733
36662
92764
95706
10587
92320
37114
91317
78102
36707
89313
8102
30929
52907
52138
7847
19463
30734
6906
26220
48623
47098
15416
59571
40510
2659
99527
59793
96639
27940
46142
49914
17539
66455
26479
94197
88684
94532
13677
80406
20166
42806
46652
6443
18499
21309
81915
73958
18542
63567
17488
19163
96199
43034
93652
61573
57684
36070
85539
25332
64938
19346
65421
72137
41427
33823
90057
55725
70046
55865
26645
79148
84061
51507
52058
20684
1477
10458
61164
55466
67892
81656
83728
89831
86030
52395
96832
84805
71487
59086
70784
43846
54607
4846
99083
76661
3810
26886
87214
71259
62675
43758
12723
42547
7609
69080
78474
32524
85391
79181
6731
76552
69524
61240
75002
68445
57059
89204
63674
90096
96275
95642
78404
79574
99307
43883
73925
58311
4667
18055
73670
45275
81214
76503
81773
20012
76145
43507
17091
20976
75300
42512
27342
85401
13278
79029
51024
66973
44623
31747
43626
96645
77253
24758
89204
57715
21979
67345
48216
1629
18873
94349
31969
26867
24859
50899
91496
83210
90941
94707
58979
91488
58835
4511
100146
84873
55170
37554
37961
3224
58605
54615
75337
8474
69880
12803
19644
94534
18240
6589
89021
10347
75744
81987
51501
36514
59088
73185
28633
51433
53573
38670
67635
100902
81654
84061
48494
59491
92246
97383
6139
32518
61236
51538
63090
46621
16349
37036
2519
21498
28602
23753
47877
32676
35137
79397
3331
94129
88797
83802
87981
24680
43065
21091
61193
89379
24236
39659
24240
4067
42769
100090
50097
71730
46089
67230
57832
71027
26012
14908
62202
18838
19465
35663
43554
91913
69968
81886
23307
45959
39186
87763
44882
8431
92760
41213
89831
5884
84651
3964
82322
52985
26053
184
63532
29531
15823
23531
33112
12548
50767
34450
92460
38518
61785
44812
36335
11839
38884
10178
85605
97233
35449
81913
40473
42590
67522
81072
11508
39626
49789
7882
57534
4147
37998
95122
20310
36557
61090
49916
64819
2392
64597
79888
36113
34631
6176
67049
7656
50545
69298
41295
82143
33410
77884
83440
54757
28662
44923
33184
75699
42537
80795
8700
47143
53314
29412
44991
52730
70075
35858
7921
6585
97564
41620
59943
65119
92279
66381
58788
38814
20906
30964
31675
2106
55836
19716
57384
86692
60305
91876
31344
93537
62786
85436
19539
86096
15615
86176
10651
26345
83144
39669
23593
72782
6655
34853
38033
53571
52835
91044
46385
87582
24974
18431
50027
10655
2873
49949
45694
31122
48280
40329
75689
21905
69843
99747
36742
23829
60235
3438
76548
22271
33488
92976
11541
9736
26345
53351
58743
41169
54755
88269
8904
80980
52165
28783
86324
16799
17060
18127
42212
30043
143
20744
59158
31741
75744
33889
44099
2141
19648
31603
73773
82211
32709
18131
26456
77331
57606
63709
95983
76291
3479
21019
76071
79185
90949
58798
70229
85983
49727
43143
61777
1884
64046
64899
38847
54243
29864
93796
77849
18754
68585
97270
12585
16618
21095
69555
57462
21422
10772
46977
46903
80139
50603
8534
20678
51353
25533
91839
68918
8620
95714
64564
99155
60408
74739
44664
11097
79362
100183
49289
84768
59686
91136
10324
99568
31963
56757
6684
67008
593
12731
81921
36339
96057
5397
52021
89286
44138
59865
33967
51388
10581
97788
32563
87099
58056
95278
72229
41435
20318
72706
68083
56424
7214
34896
67475
74336
66679
9136
3551
99276
75337
47135
47458
89948
47061
85695
44884
95058
66124
87722
81068
58344
84398
4250
5177
55978
49604
30898
8178
40724
50085
42878
35174
6807
85245
43546
74698
2032
4363
57540
65604
45164
80980
42183
1111
29973
91759
12873
28454
26672
40475
99679
66457
3549
43092
74986
100271
35377
42812
35486
19716
71265
49059
14647
9847
76402
5101
56245
6624
74593
29453
89231
83695
48911
85064
75808
31122
83839
72743
23903
43326
51102
60126
85432
18647
80622
77927
77333
45143
57937
52391
10616
28559
47137
62420
4807
77958
30863
27903
12836
60198
8801
76143
4737
88986
6766
37523
75699
7255
79952
74778
67557
82248
12692
38146
36485
13356
59715
5167
96594
37077
60979
52249
12020
67586
39852
51207
46068
1364
71378
9356
58533
1553
57900
83134
24232
4279
74704
25677
24606
37928
56393
74595
9025
42886
41330
63639
50825
25305
98092
25681
34298
90896
91981
29706
51094
31560
80100
46508
89350
79179
30485
58529
42806
27159
6330
47532
84803
100896
66217
25451
64338
19375
62340
95455
36921
84174
51361
52083
32896
82581
36851
72414
15397
92129
8585
38405
97973
33377
59594
1485
6807
91097
81543
87136
26857
10357
80647
78624
45877
43610
60646
55801
95056
92828
60048
58975
61014
74223
47328
591
100600
17794
9430
65820
88546
52837
87574
50687
84762
54245
37256
46769
99568
57723
35813
64996
85103
58965
44514
47474
95572
53801
3037
30512
81475
92764
29190
40668
18006
47918
26269
41404
83808
25794
41291
68227
27311
64305
18579
10838
9473
98053
40405
39482
92094
91946
51612
73300
5625
64827
9358
44547
47916
55279
9792
13508
55865
4168
70768
20678
76408
58496
81582
92199
32117
11436
52983
34812
39920
47470
17615
90721
40251
43182
67937
20464
42995
49287
32333
55910
100341
60009
33595
29338
51980
30409
69115
70928
20189
15802
6628
38185
34592
29159
2955
10213
16279
46438
65144
68992
65783
8885
22643
36913
13835
99821
93449
66079
45842
85802
32954
74591
98425
68307
25196
86012
90618
73625
44323
21570
50391
69888
89101
43552
29809
9029
86400
49838
30105
19463
100678
72589
81619
94086
100415
31548
44177
56093
68484
39036
30327
5327
61592
59779
57614
58498
47207
73300
84694
41665
80388
96343
97482
15983
95827
52508
37225
24407
27638
7693
94943
93459
87251
838
3586
35737
46142
39696
21233
38444
26386
45879
68299
19644
82534
66254
64457
98419
18501
81884
97860
10690
1956
83549
91905
68585
39295
98980
74739
31706
35036
83792
60827
52656
61822
17340
94049
14466
92945
64681
17461
60233
85835
86651
73894
95607
19391
23829
35885
4982
19533
84104
36999
27044
22458
88947
47250
53470
69195
86900
4254
72038
25788
26976
13136
62905
73218
42870
56607
6326
6844
100898
89397
75590
49873
7697
8994
8626
61092
93837
24861
3409
93465
88723
59049
60149
41326
84439
63812
66661
71878
45583
39355
21903
32417
96454
74153
18680
84324
10883
48317
37930
98715
86318
78963
33009
14951
59976
87650
2075
59419
16193
21899
74468
47957
93383
69707
56015
50432
63220
28493
23422
77031
82472
42368
50576
4334
5588
2585
221
76112
22051
77399
38578
17017
57123
20090
29938
71072
44214
73247
33260
36820
71302
58979
7841
63349
37550
29120
91726
36654
92764
22195
14750
59150
32991
31788
68157
12653
85471
3594
24680
50833
94945
6322
95206
62480
100491
41106
63378
2373
71041
88795
28921
88647
23755
11142
61407
90616
57865
56169
25572
85543
66159
19689
58132
41628
18980
84540
82172
51435
26857
26267
99665
34962
18318
59649
2077
81249
4439
65049
83804
97455
9274
14618
39996
83533
83810
2947
5841
56169
37079
27786
55014
82071
58167
95021
50426
99862
98271
36469
48864
41326
43295
68817
74848
82663
9533
19798
20160
73627
17728
14980
48545
42582
43663
97075
93126
70194
53244
8032
85989
66957
61518
86678
63904
16544
76256
20721
22867
61497
15876
90986
28218
33891
17274
81286
99311
77074
62268
37482
22824
96131
96499
18386
76552
34812
22604
43326
42590
78813
84957
54469
65974
9940
70712
39143
79981
88351
13204
78476
94460
14509
64825
14980
35408
13319
57688
69409
69925
35924
100820
29488
54097
63090
58447
7175
98051
78846
15905
33745
27566
23202
30364
25609
89574
59754
12433
64552
25533
2957
3502
52876
20242
7218
29636
49953
94614
484
49390
97778
88121
13954
33784
85253
79366
52231
40187
23307
9434
91007
65968
18723
21077
6844
98530
67158
27607
76478
97564
12067
73851
85136
73257
42255
52876
51799
47246
7181
90723
56054
9247
91276
9467
5294
9551
66712
39106
5325
46506
20207
29046
3370
39402
24419
85428
22943
1467
85695
36331
12324
46765
9290
97186
70971
93013
57902
87547
26232
55238
78108
24713
81627
38919
39885
1337
47357
66151
14873
3109
33932
3590
67890
45213
69639
84283
55080
22353
59094
16859
54644
5179
15837
52231
61861
23383
19541
32991
27200
18647
81294
47215
30150
67364
25085
75849
2032
92464
22039
83884
51951
22816
19056
14875
52971
72626
60897
78361
96129
31862
99813
32666
17173
14343
31336
23975
56383
91015
12881
16875
99755
95780
38189
25572
17163
7284
85171
47513
6610
24345
62887
41067
82211
83399
17800
10690
85919
3954
76256
86250
16721
59678
29157
4279
89654
85568
3738
46954
66562
95979
58724
72628
44882
69695
98074
54981
78106
11031
8616
26275
56389
11249
53431
67224
97239
57022
64751
3773
100294
66531
41254
9547
76743
52461
37513
8164
61129
33887
83919
31410
53468
50426
93237
85099
62196
52539
37846
13249
39147
71152
1218
80953
30047
87835
33969
93426
78852
58759
74264
42027
57855
69158
13911
43848
22752
11584
19005
93644
1701
25683
25942
68712
70671
34446
85286
51618
77999
67450
20725
48841
21609
59871
24814
27708
89101
61267
3132
6626
1736
96754
45326
60379
52453
60825
86836
26117
99184
46652
79479
33741
63974
27118
98787
81734
65343
48013
39774
34637
51869
856
94865
28672
41217
85346
2108
89134
75481
69859
21539
5981
38631
24863
64936
35081
10620
81609
87714
93755
43363
25459
35081
85245
82838
59261
80108
80141
83430
64638
219
13352
80026
60122
95311
96419
11346
40734
21722
39883
19319
31048
13617
51047
59010
100861
8209
37523
98425
14803
87029
31784
97019
31447
20793
33176
82661
50169
66969
11917
70823
84717
52564
38446
96150
19430
51168
19870
48983
61526
38697
67084
41215
98573
73183
16279
35591
30896
46282
85874
17950
43702
98493
32972
838
13212
89728
51577
79111
89950
74986
19422
78517
88639
25221
83878
76328
81105
87615
51723
74112
74482
79220
17208
52498
9771
62924
47468
47879
32362
44035
97827
19872
100146
82065
44810
6295
40483
15093
50948
81989
81175
41834
88602
63812
89909
97753
100199
41908
20723
25564
74819
14861
53275
42323
54718
61273
47437
21354
9644
83144
79849
67783
45211
99118
18688
48136
25266
72040
54644
99792
34339
98462
94756
32010
2328
95272
88269
97648
68597
63156
48124
90896
59742
12318
71746
5323
9551
74737
84236
65078
45618
39885
60157
85360
7434
99017
95122
60681
96908
68338
23272
70447
50395
35447
20337
38294
99905
53312
22158
8211
54093
60038
53647
9913
17274
19967
55203
25562
36146
1113
39992
88951
23648
33324
27268
70879
23453
17280
29708
38705
96493
83282
94799
88832
44734
5323
23163
85642
19319
36703
24166
72192
57573
7730
65596
21085
52017
8992
35412
42368
61454
56796
36187
72367
96092
96238
54393
7142
44292
8951
91052
61824
31558
22269
46695
49141
14832
26343
93523
32703
62159
63376
71115
89136
69446
40216
817
71224
12456
72110
2813
82219
40512
62862
46033
81884
46329
80996
85837
91163
87726
86908
59647
70819
33704
14581
45176
85734
63267
26008
99961
79399
36631
73185
37560
23603
22018
50085
21385
20351
49133
22927
60714
60050
10063
53830
48911
73173
48765
66346
91134
30528
89876
24166
88795
72893
8246
13286
93539
71405
48087
45768
45100
63750
17502
32232
52157
8285
45312
95233
83284
48623
62640
4953
75370
84902
41094
78924
83806
95424
16119
57900
18242
56079
60019
63452
51614
43435
91562
100785
85841
24421
39696
42516
17905
70556
96906
36890
46726
44662
15872
99237
91171
53762
60085
90760
32473
59779
90832
3584
523
93153
56792
92088
48621
16526
32935
11843
99443
30411
99268
88359
62237
10717
72075
93539
45846
30748
34413
14205
11619
6250
14121
56502
52944
58130
6813
83506
90433
88139
56134
16729
17654
9841
23646
37739
45439
88084
21862
51750
9105
56500
84244
24111
60704
46052
95087
96972
47581
27527
16803
27562
49538
44917
75146
35225
32214
9940
82026
24637
28857
73728
29266
29153
69787
94055
72562
2484
10988
71337
71966
37079
43591
21424
87650
94892
69814
99313
28485
77547
87948
97237
5586
78476
25198
89878
40555
79767
190
88980
25642
96002
8209
26154
48175
79477
63006
95529
9247
33634
39106
100682
11399
1516
97677
7695
91506
24277
82275
95572
17021
88898
28563
31373
93005
8470
22863
52656
15905
11732
91278
3761
100460
30925
60831
85251
50426
93005
21354
66235
83136
29106
25792
18088
45330
75666
14129
1578
1440
57606
25934
39503
50656
56422
98645
7804
20828
27404
96312
88799
27348
83401
33675
86049
54613
62424
73884
65236
69045
47067
6400
65746
82067
98748
57978
85177
8363
17467
68599
50954
98456
64515
45324
20390
26273
77584
84283
72702
84468
85802
556
83697
95202
5666
36358
6141
45618
61789
9144
90793
21685
68260
38185
5574
70739
73117
58336
71929
37817
47125
99091
94789
56646
59010
1851
64293
75520
83325
98351
72887
57643
24127
60679
43026
93903
58753
18394
89276
99313
19646
94501
42662
98296
87177
83607
20532
11615
48068
15395
13467
1923
48249
48214
20908
37928
44952
81506
69047
87097
28894
4548
76883
51240
87426
12139
66745
98308
9179
37283
28226
50317
73705
1670
82770
44693
52687
86585
6402
70065
33708
49581
18540
38078
43258
69933
27959
61086
10840
79481
1004
24380
27603
10873
4332
90396
70704
90053
14908
63386
3440
22641
17358
7586
82953
85494
26678
99309
10320
97498
2073
37320
33375
38208
46134
77251
70149
53320
98602
29891
8441
34360
74375
54673
26608
92756
7545
42107
3481
47990
90986
54350
41242
6657
24012
80476
9031
100384
27825
12466
80499
99776
66040
64940
21681
47318
84659
73627
59602
54644
78390
64338
30080
54317
23196
73257
87064
21632
45696
46977
26828
95077
12585
72998
54393
51394
69226
3257
96232
36284
50946
83570
32783
38181
52724
87917
22908
57466
29455
33301
14764
22760
57466
24555
87056
43139
87837
34185
59719
99344
64866
43258
68373
15685
99239
86345
86659
75615
3954
71629
41945
45696
51799
79847
70930
48952
94978
54903
89537
93019
63861
42693
90055
29786
45700
43573
87062
31005
85247
79884
67113
76688
76482
97940
22086
5397
39614
54905
69674
84618
92168
61158
84690
68881
56052
71892
3810
84865
77465
57353
77921
48619
32047
94867
64564
97268
51287
51232
13825
1245
92968
64755
77946
90063
34637
31523
29118
93874
80139
61925
2817
97977
81099
63088
73855
63711
36257
58274
30154
44109
18125
55429
29932
20277
22343
17192
26236
22756
59127
4404
5738
19560
23494
88174
86877
84215
15691
51544
51910
72336
94902
39149
31992
76961
86688
7989
53119
34187
91578
94904
10651
885
46142
6959
50093
31229
42216
4182
47273
13952
8328
16230
31363
60685
5812
18429
92495
42648
95270
75150
53988
26386
68046
97903
23833
53762
67493
97716
36440
58864
22164
20715
50946
31455
77294
97868
81588
60019
97387
40613
60944
10468
73062
81880
68895
36617
60642
25488
74965
15693
23574
59756
78889
61756
71781
52837
48502
59084
4260
26824
86916
16499
13344
91578
76108
41361
94353
64231
86100
69158
68749
30487
41513
14799
35071
5769
84324
26828
78289
3923
75298
48383
10540
31523
26084
30006
42399
55904
54459
49285
79553
19681
93089
17876
8061
100347
10273
95903
24201
27607
21572
33303
93833
27381
82840
20234
68741
35776
9144
4139
99377
5142
71931
6581
98185
12877
32563
61271
60870
19089
48510
36255
50529
51768
49244
30859
88610
10799
57427
45365
18680
19389
22162
68675
40354
61203
73781
38884
12733
83991
21272
64562
90941
63711
59972
9325
37883
51020
47435
88279
28263
46551
73654
14287
33665
80030
33628
9506
50788
86696
73812
57719
28421
8626
73113
57760
89321
65382
79847
29229
54311
58163
18080
52387
25192
24018
28639
53577
75253
44202
11317
76503
47137
59594
85975
89759
79500
70712
85401
23163
88207
12503
50282
41367
84063
31784
90059
81257
6961
6324
18053
25525
741
91393
99165
92797
59347
73284
40627
42315
20160
73109
36080
52453
96715
26302
33669
4770
49493
28559
81656
83545
63933
31114
90349
77699
71892
18976
98493
42989
30637
12472
38701
65084
64821
66675
39669
15210
9015
63417
7886
14990
31819
25311
80332
31301
10920
91356
36654
73765
98333
24277
17868
71693
93611
64529
85401
45213
14834
24277
9658
813
39404
100376
99677
15083
35034
48214
75442
87539
32362
43920
73173
74875
92022
27708
28123
45032
61787
99673
61828
1109
46691
21928
87064
69341
19354
44880
96343
51916
50062
52465
2632
94152
36625
887
45215
4256
61277
7617
73450
35815
2762
88725
83652
13909
84355
70786
70299
70258
29007
28329
1929
19276
65273
7627
52132
84550
93467
43433
28487
60149
3662
86988
98197
68067
27005
95761
88546
47953
26978
53651
14801
81436
91979
21558
73136
47283
74480
37365
77183
56235
86137
15132
57020
9105
47495
18281
30898
80073
48531
97568
13362
15453
74476
17948
35998
7551
95299
33591
83179
76334
31745
57392
73148
61676
41953
49900
38393
34785
86353
33488
81220
54354
72359
84051
6129
32929
91691
68825
70638
1662
84254
36995
83921
77103
5216
73691
59721
63639
81660
69672
5549
63754
66340
84014
87989
63125
50722
86951
17687
13471
80248
13321
52652
44738
75551
72959
93208
59861
75744
79847
24962
8238
38356
16873
51546
41001
69047
42068
87876
77798
64007
85467
33731
57049
91868
17496
47727
46911
43998
82916
69193
24460
31484
9255
79516
65376
6694
65382
97159
95383
38403
6879
36358
96943
70560
41696
89194
74369
38853
5222
95161
14166
33147
20575
21089
2170
17391
93634
66780
78291
56944
53057
46570
40132
9348
59349
42954
38781
82404
15535
15804
7847
56235
70377
9438
30253
35285
94312
3298
37665
73033
65302
90460
88657
72743
2104
79325
75290
81656
20312
61563
52839
10026
5370
81728
93757
53984
34043
99379
2252
96491
78959
44035
61312
20041
78106
93646
70879
64858
63637
18760
17722
87981
69851
94762
91319
34483
70075
52101
4809
23675
14838
30522
27375
90600
70007
58165
4770
53577
68009
53133
35155
3222
36099
47137
35817
16092
58609
55423
1037
43108
75670
50640
53242
38888
44103
18357
19716
20160
4361
98238
7880
69740
25157
32413
46364
24643
22898
93504
12982
24937
84032
40960
85716
97200
26405
43213
63008
1625
88059
63711
59002
87677
17463
85475
62307
99554
17391
42066
6694
57448
59092
64420
11580
3280
60827
63343
69742
63748
20392
12752
100271
91163
23348
4920
100080
82994
72655
80166
48985
85177
15685
62198
59349
23383
69777
58677
72558
34518
51688
90867
45916
77442
83136
68260
84875
50767
19681
34304
811
54562
22639
32520
19350
56496
75652
74297
50936
62313
8164
12022
5648
297
97722
50177
26738
66587
29299
33856
47916
85457
67859
13613
20423
94569
52689
72819
63349
52611
19017
52430
17761
22643
23186
32806
27922
90059
1115
39067
66568
7210
9763
82016
78772
92277
16799
60167
22464
96758
43369
80285
17646
40909
76289
65329
33447
83469
100053
66383
82254
46311
20059
95640
97490
48993
77890
39439
9514
98785
67191
33673
55795
40742
20744
93467
72118
85364
20055
35295
71968
38002
32966
48539
3816
21350
2926
78147
33443
57941
37145
40224
100265
42703
58572
91722
43655
46660
30308
100861
5997
7590
67598
11136
38890
11502
81958
93981
81072
69668
39630
8700
92394
38886
23496
53320
49992
53579
20908
44479
43994
48827
90320
67483
28602
3927
70967
98123
19868
40991
44586
64420
44313
40407
57166
23013
75259
76628
57499
50689
16610
75512
23568
81802
21632
46508
72729
47680
47503
48615
74182
94978
91724
81993
20830
79294
62517
22937
24014
77983
73487
46804
28528
58944
63859
92575
77798
96890
89934
74745
66782
29895
37116
51269
65082
99194
48800
87389
96943
2540
66597
82283
6536
72817
32335
55347
60889
44695
2852
99827
43737
79845
63090
46284
65588
68770
45809
11397
85327
12285
2595
7913
8030
74116
72581
43324
27533
30271
36857
43474
595
86801
82201
70519
95015
16349
83769
19245
34341
49100
92135
18910
40551
13870
90423
67919
39484
12760
41630
78591
79370
85909
59201
19864
91726
79331
54389
72706
77179
48364
55986
33745
7103
39437
2186
50021
68786
35745
47587
54019
91169
70805
33630
32709
39947
33188
24271
63345
66307
24822
100236
80240
30524
39515
52683
71212
61349
75292
44847
12651
5214
3627
7808
89360
81847
55875
99525
55203
46099
89508
43211
45404
29601
59456
28746
32896
9533
7619
33416
87315
18532
28448
94974
91794
9644
87862
57754
18238
29161
1816
63787
70443
63380
6879
57799
30734
61719
59569
31379
96018
57608
63072
32115
66786
30746
15165
99165
32621
88764
5796
9582
73485
57460
17023
54266
52323
14546
8618
55754
95161
100896
90322
15796
59491
84285
3438
58040
50769
86731
83249
78589
35377
75259
49466
47828
54019
81516
67263
14468
43513
12271
71487
100232
14507
56753
32082
89502
45542
99202
28156
63968
85179
521
34553
21566
83356
14277
54243
80141
87611
23272
45328
63968
71078
40372
24565
22713
85983
3325
48436
26602
53795
46101
100637
30709
40699
33990
40037
19426
75263
99453
93354
62924
4538
6916
78291
42574
9177
42623
10836
39984
4104
97753
30633
86955
7839
94012
26896
17913
60161
85399
78474
90980
5917
7138
20855
40777
95091
78328
11286
4367
44105
64901
51314
25009
80314
73779
85346
10291
51176
24608
98567
29011
70342
16859
66079
47655
42093
100590
34516
50159
73839
3699
37106
96980
77401
98900
72322
4815
12622
76108
99702
69707
33482
85617
30824
43476
22236
60239
21899
56459
42000
14462
87529
39595
33630
5109
98978
78589
33928
80073
43922
18976
99554
59645
47051
97942
53316
31416
79327
65625
2289
42056
15268
33445
80036
17720
16723
58383
9584
61608
35334
36890
16316
91617
77668
94569
4242
25858
75911
68934
90168
34627
48062
37967
63738
99147
47910
36777
10544
59053
33480
57353
19689
46615
11064
39297
52650
16304
29636
86577
63752
34265
28522
64383
87603
86803
73037
73543
29932
11397
21132
96076
37959
77613
14022
59645
26641
44849
76959
77107
93763
100526
71814
38553
47916
42547
53873
80365
33856
59298
2887
48317
26045
25924
41548
32676
22717
13769
60537
44253
73876
93502
15027
50613
8016
58570
62979
4515
59205
25938
45215
26341
90022
69785
51047
17432
75171
95239
4036
27605
96187
76799
63487
98497
40140
1960
27560
48282
26812
97778
89093
89128
93278
26082
70743
68375
8994
96057
44475
92199
19241
2762
18275
70223
11800
5919
29920
81843
72741
7362
97753
61703
77997
80180
5029
49456
25535
75882
32670
55283
15120
97459
45252
30623
17724
20641
11325
54126
6332
653
18865
62681
33928
97679
92931
94910
75000
100756
45478
23239
73999
53501
16978
96150
66159
89831
73187
4760
59275
33044
72959
65680
95278
39928
35285
65415
29373
68852
53209
12881
961
9496
33227
11952
73931
18312
72784
18265
71777
21716
90933
72108
51314
100598
78071
7424
71183
62414
35593
84947
50909
65448
11467
86696
40886
46882
59941
86176
36514
71376
77625
78131
7321
7691
99710
16637
32528
94855
51505
19652
54241
49353
93496
17609
95817
39743
100049
66936
5037
20166
67417
52352
23050
93597
40627
48253
76406
60572
93576
12982
55273
68336
12283
35589
31338
60938
72079
61384
6067
97630
87806
64194
10139
97346
94226
43628
92524
16614
88583
61308
63010
79549
23677
45626
89638
97823
54942
33336
48175
73950
61906
23085
86429
65565
10881
58128
48354
40547
27677
67678
69933
72597
82793
31714
42434
43129
24201
50582
1146
55949
12178
26972
95683
75514
21831
2957
30045
45581
32177
3331
7438
57945
21864
75002
93463
63419
27864
27829
81728
55228
43291
22645
55166
67267
60313
48198
44366
59316
85878
87584
35667
90133
82844
76959
92061
94871
16793
93708
74297
20830
11617
28699
87687
91126
38446
38035
81350
84770
98567
68669
80182
75993
72256
7625
30228
57818
44290
9284
81284
36413
24896
77921
36927
88324
27737
25461
55978
100886
80887
40798
73736
50578
71853
14102
78624
84939
62083
22752
74439
1779
14684
70488
97385
65308
23196
24787
77769
78628
36368
12472
65530
14980
15860
49322
55976
85060
75966
21755
85282
62453
79703
57041
84273
32376
5925
29938
9903
14172
6980
6363
94390
68751
8497
20203
68040
5664
40816
25422
70264
48917
94902
82846
37517
11983
35248
61565
29196
6515
28637
73892
46884
83473
53267
66379
41774
65403
5915
37667
27848
46181
32261
62496
37431
42399
24460
30049
88462
28707
80182
39297
51947
2632
10059
100312
42216
49540
40724
32779
59150
1890
43731
77444
59353
27710
93052
34989
42699
75144
34888
19393
70712
64751
14953
