375
10513
26567
27893
11765
25757
22390
727
57199
33190
28162
21558
17615
75596
92982
92791
5130
96480
77218
82256
100678
54202
88684
98232
75366
39918
45719
75072
75810
31153
99235
10622
98370
71259
5167
4918
89356
80069
43883
13428
57271
55949
12686
98016
5759
79440
95570
93449
75808
59902
78075
55450
99350
97831
56116
56171
12503
42214
63495
37005
77927
74330
3317
49466
95274
39883
81257
31227
29235
16055
49012
2688
74256
88246
28643
83027
12577
57448
66235
50730
71489
28366
24573
17792
60233
28158
41102
74813
50021
58461
83619
22867
34999
93208
90507
25932
71450
62998
86799
19387
98758
94647
96224
72338
81362
89317
99938
93058
28637
66383
13175
15619
79000
5251
80324
18131
51953
55902
97315
44064
17280
2071
31410
42473
24495
9212
92277
48808
86949
76059
51279
58533
26867
72700
50245
75485
23971
52911
21465
36617
9773
50177
11989
44477
12974
3703
97385
54206
50987
83607
8546
1615
8143
93317
32454
73818
64233
85753
31714
41065
44284
13325
9607
23977
19354
93981
24296
52354
75705
67483
4038
31696
17539
82030
40621
47474
99122
25046
48346
50103
70842
87352
22750
9956
5648
30586
37005
41546
39558
99422
50510
20577
20041
88653
30306
59898
81103
62128
4945
6295
61458
91533
97681
81142
45587
39799
7775
69084
95167
36113
54430
36395
89467
94458
73812
33297
11397
77810
50430
96941
34376
23944
33628
78102
91093
67086
42366
52387
44249
21798
82061
83987
91025
33073
17839
50611
48179
88396
84328
64194
25905
48545
10618
26898
77919
60679
11323
16392
73929
33591
60334
91794
56979
8063
40995
52315
60311
49982
65033
11362
394
36111
73950
48097
82994
29823
82030
49912
69528
52245
24974
77775
9397
96594
17241
97677
28308
49836
32783
64488
14287
16248
65376
60609
68334
50872
33628
12474
90674
49176
34672
48356
26051
63146
59906
63156
96014
23963
27527
7479
70184
99702
3921
21235
83617
13097
5037
62196
83545
9948
5685
17247
60019
38319
2482
97792
10546
80684
2630
34487
26828
66299
34960
51573
9475
35396
5185
67520
54202
42255
48420
52017
56531
14343
38060
53692
33334
12916
66303
54636
60792
53988
100968
32518
66116
85068
77991
32750
36987
33747
98604
77843
29301
70001
22238
67676
82468
38925
92090
54432
78441
73514
17155
86505
8063
81292
15130
55575
23457
65569
79290
3403
85568
34045
14676
59382
47949
92727
89652
13214
36144
34043
54430
64381
98111
75335
56171
77888
43285
89979
41797
49653
10141
46247
17155
69121
6776
56198
24896
10106
22386
74811
39587
12472
14509
23792
5031
18154
7956
27124
60556
79722
63608
68527
21159
58373
373
20717
25073
76585
91467
11471
51207
89500
45100
8552
68638
91944
63789
50825
84731
82063
32000
58383
88528
36962
69265
94725
12723
80959
64901
63532
65528
42397
67808
65892
91488
42146
5037
48140
77921
49419
49172
16941
13833
97901
55421
5070
56060
56130
46769
7025
67401
91208
15017
25036
36779
62340
57719
92164
93017
44136
78515
60013
58015
64570
19243
76328
25868
96347
2961
78094
47472
52173
95336
82497
52794
66011
21724
54940
59123
53653
10914
77849
31634
95835
24639
53538
99455
82883
7545
16762
40407
12509
81609
39817
99776
35077
39762
47616
87802
74630
39947
89728
83993
87658
88279
26119
44664
30378
57890
98045
55133
75699
41630
28567
93611
52601
85021
89767
90941
34228
2587
27453
53281
97017
811
54354
92236
7658
64404
83956
39258
25229
3366
86696
56017
87354
78400
82287
50615
40835
30475
19671
77594
72885
13915
24939
88131
18764
98082
8016
45180
81621
71816
66854
33928
75814
100082
24458
18949
83987
82287
92092
38483
91796
27745
34804
34008
28452
54128
95354
54169
47384
54313
93531
82912
1763
8700
5775
78102
19420
29864
8986
26413
71113
56909
12057
45624
84320
52247
39223
87691
60130
63639
27560
30345
80476
44767
46736
64050
16575
59676
60860
93872
86863
6176
87950
29809
7720
39550
28115
38855
53244
74846
67078
59538
2373
2254
67670
22937
46654
54389
17356
30372
90024
83763
94707
66124
52527
64959
52064
58151
79249
24888
59861
16534
89395
50804
34964
4334
39400
42512
53320
22964
80583
9829
29862
20244
19930
26738
3095
53799
38411
88322
66936
60866
6322
41213
25535
23852
6694
86355
82285
32816
62350
56909
67826
76513
12094
38578
81794
21167
3368
81070
1072
62377
76577
4330
75596
41402
62813
24499
13208
80546
37665
25044
34779
71187
80314
64385
41427
14573
34175
97572
21632
11124
87389
39371
8139
30816
94123
13134
40183
26849
19646
46804
4215
70815
85140
18450
60313
11827
19391
71557
65781
3436
78996
31151
64071
37735
66823
10326
99535
83251
69302
81276
64383
26006
100415
39511
7212
50101
2552
12657
45398
3510
71296
65672
59380
48605
70704
7551
76030
84133
83510
25081
55875
87876
4982
67820
43104
25046
64718
73255
47291
9954
44177
16951
62383
22454
26682
8275
44773
15897
96604
73300
4205
73339
58354
98016
80071
85915
72443
26571
100590
72211
963
31593
61341
59199
23833
95426
62048
87603
66151
81255
79695
19282
42925
86137
82694
62453
26049
86435
7508
27856
68622
30271
52276
97963
53209
42586
51581
63343
56385
31301
51579
59898
31104
25184
93537
13872
56948
77068
63197
71376
9977
4223
86400
77111
52952
70077
57904
25525
42074
2318
45063
3479
6772
25527
2437
85064
51433
41924
84180
58262
69787
83179
41443
558
92413
33517
50381
19241
95169
82143
96409
20645
37484
57682
8293
95798
18314
59092
41443
15354
57310
83699
18468
85105
44991
6439
3403
90873
25385
82552
63532
45622
92982
50062
27603
22906
18018
80071
72264
15691
50537
88281
69703
79960
41291
100493
92684
38113
95021
52323
59538
60260
46089
50584
58422
37254
12918
31858
89171
21410
78696
98608
6661
2067
92945
12688
67789
30528
12612
86433
91395
21576
11689
84805
4922
94092
21461
42037
38818
21165
99636
61643
63608
15646
28144
26933
12918
57129
95054
73222
30715
39147
96277
75962
14842
9510
76928
66083
71148
7847
100894
77288
87159
35558
95761
76408
91451
14398
38773
46533
60796
17171
66932
13878
85062
71286
21422
39595
6034
71701
77111
17580
95862
61826
100828
55608
24567
57129
45104
20308
53279
23083
80240
82357
38740
39630
98314
85919
33075
3251
65818
32222
32528
58050
1078
56856
86805
48584
95278
21387
87395
43213
4908
74819
93829
68196
3364
35410
62572
43990
44183
8402
89354
29784
78735
39143
79767
2439
51435
56726
10135
33149
41176
77740
46397
36892
30049
57789
17284
8811
21058
16016
84287
73409
36261
74116
34376
369
60675
74817
98199
85136
19356
86655
64700
71633
3333
98382
47236
83921
75551
57721
26606
92133
23566
22113
62712
14137
55672
10246
65417
54685
31511
80326
58790
3187
91021
72597
80476
69522
20781
95755
96534
10273
69483
35480
31270
84098
98193
21981
39743
33527
29414
84729
64605
85790
43883
72778
64788
18384
8920
37209
8201
30526
67448
85654
58484
20871
5555
55830
97346
52909
84659
87584
72285
73076
97163
68862
59454
98896
89833
94337
67530
264
68194
63376
37225
42107
57795
1855
11177
49842
4554
91611
71368
30374
33075
23757
69522
60297
90832
41871
8700
3224
51721
9623
42222
46399
64348
30742
89683
45735
48249
15350
5035
31270
91942
54414
43805
14026
100158
57464
91393
83584
91946
60161
74959
97938
51361
9958
69896
5438
75966
84392
52490
50011
79623
96789
79109
32592
45589
2963
87241
58095
36847
13648
48175
75298
402
54761
19837
82361
35998
58640
72963
72519
5993
69528
92265
28265
13278
84396
83288
97408
70324
74005
26750
100043
31706
55610
62406
62862
80106
6277
95537
72774
64862
42553
61684
86400
49986
1004
93611
56243
17839
3732
61452
51388
27903
85726
99905
77103
34814
13284
30676
29307
11327
44323
49988
42249
34966
76404
34526
100682
23556
3142
88279
34582
40553
85946
36224
27416
99673
74801
34175
81942
34674
73890
49614
39254
29860
18018
31482
56005
6143
99720
86764
59608
20906
73705
9274
53727
29457
29083
52765
44880
4990
1884
22680
848
26164
60297
41219
74556
68492
100976
11066
40253
66373
30707
71814
42442
33116
24970
32781
41665
49098
76429
27227
5956
55614
87389
17192
98382
23278
72110
41131
35330
77288
59869
95163
43293
90016
19938
76587
15638
89979
55164
43104
54317
36596
26341
55906
57855
59678
13138
10947
76558
65602
17266
89467
55561
60940
61571
62118
30633
45507
49618
45546
52749
68523
84916
88470
49690
57201
59002
25266
59945
61127
66601
51176
89379
68085
1522
78476
75966
85142
43698
91905
70930
94836
37626
17461
62332
25017
27377
61787
2669
98865
100645
85864
22571
39482
40074
30966
29412
67855
12271
9882
34545
99794
18240
13547
56457
31747
92357
15021
84065
92279
32917
68252
7993
63487
95753
23122
54206
32156
73300
17650
63713
11586
56338
7475
20041
34555
47846
47902
15800
25266
63275
42514
93428
93757
53914
18894
17428
3962
27856
98018
69520
23749
57943
58447
47873
41316
96937
32892
34775
13878
46237
68636
62239
96347
48732
39743
71339
34006
90600
11952
69555
53061
41478
78363
14727
56763
77325
17465
87617
17317
41184
62424
22557
37320
57536
55799
26220
93171
98296
44027
87019
4252
58720
40222
52915
93874
9549
41945
56116
8293
13566
254
79662
44543
30705
69226
10799
81693
57610
76476
34785
13510
65921
6322
40798
55273
36631
83245
62901
29661
9319
77362
74145
92390
88799
2373
97862
33967
76770
61756
13159
71896
32732
45067
69637
18495
69596
17278
25050
91054
32816
29891
89934
98610
41620
41176
29383
19570
69824
44654
60566
66227
99461
28929
46025
72914
83765
20721
67826
87212
93095
85952
42629
32861
31529
86875
99525
72375
53803
27477
15173
89471
38849
16762
60981
70601
16501
98830
62165
45585
14195
7068
51797
75555
39400
41328
21056
35673
84028
57604
19685
18339
57610
66490
79808
63308
66180
3140
5738
20419
82108
90877
3917
70480
93874
18793
24351
36284
31706
18339
51172
78330
3105
92561
70007
48247
85399
29597
83173
45102
56412
34339
61417
2762
76223
20795
51394
95650
28415
71740
75701
44070
96275
57707
93831
64932
31474
65267
16164
85623
42734
79592
88283
18386
5442
16727
74116
82176
72303
13952
27163
86322
39844
4316
19093
43324
97905
48835
51240
64607
65707
98565
90341
41889
92265
3921
93079
43992
78108
8287
10065
64268
39256
70472
88729
100086
30697
19167
2404
56829
87282
44442
299
2889
58387
47655
33961
17389
47310
29486
2704
4768
70595
88047
51655
80055
1037
36370
78622
33361
75296
87358
56942
39700
51803
43624
79796
64564
75849
2410
66414
80883
76108
64679
3886
9837
93276
91054
10250
38615
30156
70225
31447
77033
63489
75000
22199
64552
55376
18207
71596
40806
62554
49863
60500
27379
28966
42360
77806
96113
2741
64934
22565
16205
23305
41176
73370
15619
60383
37402
98156
81693
8768
30993
39032
92635
69931
52058
1734
72223
61518
1181
15276
84585
53797
87212
58385
18910
16822
27932
66042
43406
20314
24867
58235
10359
30641
92464
54163
54463
91210
96417
65709
10838
82367
57189
84947
45737
98489
98937
6406
76513
83422
51787
55458
19946
14986
56243
98791
10429
36224
8875
73707
53378
57234
54099
63269
20941
93393
13391
84355
11615
6143
6106
84505
11586
61758
2515
61647
41242
17506
7284
46584
76577
16943
78219
14232
72063
44360
12102
16910
30964
60642
69510
52837
94873
42327
100898
11613
45478
78361
9138
68075
55540
99702
70260
998
14092
52321
62702
76141
20164
37959
15276
3851
24999
72451
60463
73913
57199
46952
34748
18172
69890
94902
95387
58052
88269
84569
19317
40037
49063
4180
17905
56800
61016
8359
76371
20744
23716
28596
97827
24129
90803
85580
28828
12472
57789
46432
78546
48878
16394
15798
55561
50615
4587
52416
3742
22538
34337
47326
1356
22680
93531
19578
41702
25794
40880
441
31030
81101
48919
13798
64007
72813
52823
81831
53721
33823
18310
5477
38208
69742
42360
9625
87426
85654
32080
35558
74297
39030
42991
30637
100497
53061
63082
78622
73853
53614
73551
45690
86875
30752
28641
57937
41953
32966
30676
22491
21835
36107
91017
62786
2188
56560
4622
30043
51538
96053
92573
11142
69711
34742
58677
46625
58574
18943
96351
19128
26497
98345
28810
96125
66708
11457
62443
13767
63639
43554
98719
56539
21609
73076
22686
53063
16674
100787
82953
99938
7366
33819
98793
90943
71119
52019
90803
98240
40292
84244
9512
45571
61680
76336
100641
63793
97233
32082
35182
19449
39408
44958
6665
60638
23718
60383
59055
15138
38707
39188
88990
40185
80217
9829
66266
4953
2040
24569
40146
56311
56241
61962
30715
445
14318
42148
28382
702
31936
47770
49131
72630
89504
59645
15173
20388
10178
55978
64679
69008
65625
37480
100493
52652
85991
70038
39885
88618
60274
58132
30002
41065
92312
98232
21354
48615
25899
65226
33231
76367
85087
38549
48697
8507
67678
69119
16357
8515
2848
36292
56241
90941
62369
63516
85582
92727
64122
72507
21909
49836
40029
4628
30890
97274
36820
44806
9015
49678
68529
6330
39336
51690
52675
88129
50761
83097
94115
93015
66344
61754
91724
76143
28824
94906
90906
67119
32452
49059
3181
68971
357
56615
66597
45694
90797
71545
12028
42508
13915
40594
74172
100785
5035
63894
47217
59273
71781
43145
79212
65670
10310
57863
59906
23642
85469
9181
35803
59123
78443
24296
71000
80848
77956
9027
19350
64825
60907
94374
99494
95484
77514
11724
63664
28228
51980
99788
21681
76112
55756
12133
54942
16318
15128
97165
17126
83845
61569
57314
36265
88805
34000
10207
37817
77335
97196
21381
64626
29599
27496
53933
65861
49131
88762
86437
74556
443
89979
74852
100312
98750
3002
64383
1150
46847
93523
77068
24715
90193
58235
30049
10061
20462
16275
67448
10920
54021
72174
97527
78591
69672
37558
78184
97675
72556
14546
95788
88505
33188
47211
12881
1993
1522
99862
1689
75964
6832
31299
73265
22902
87899
66624
70416
85249
15652
74172
780
59240
11050
15317
7847
79434
51873
26456
8589
22195
31009
28966
60424
59409
24682
100312
23864
77288
56013
40465
36966
38479
77132
21165
15305
61195
9066
97492
46292
23642
6694
14727
43365
40132
31714
66447
74634
53692
61941
47910
84135
42440
69522
36929
68155
42919
36664
97568
80071
25303
519
64375
66340
84583
41439
86022
67713
23979
54469
7662
32672
55746
77964
37116
27375
31252
58829
16859
39696
85790
80425
100664
11208
59234
85732
5611
49694
23046
69970
91385
95095
31893
27227
76630
50247
68085
71294
5810
2994
62424
65789
33009
87989
1664
40736
54319
68159
56301
74246
43906
51536
83436
60901
56060
51454
1960
11290
93426
59520
41182
43129
64377
2406
91831
53526
79870
92756
33525
98756
52876
87212
17574
8324
9438
30082
5257
15763
24676
38041
12429
76920
32972
37854
8067
9237
89831
91722
59051
91800
73187
51690
23093
72295
58455
36255
36958
2992
852
15535
42810
97052
10914
49285
53945
49464
6840
19724
58500
8437
80758
48358
1405
60749
9732
87210
3927
62194
4324
25276
100863
57906
66784
60126
8589
46089
1401
2961
69407
85734
21574
42105
1777
58344
10577
67637
82696
32522
54720
33805
29439
87899
53536
23864
55203
93449
67380
23085
23009
61863
63935
32814
10916
11309
68823
75031
79481
6988
38033
66420
83393
70250
2225
69631
92162
72663
53540
42070
92791
59750
69637
45219
94277
62383
5167
84384
63487
92719
92421
88158
55051
37965
14684
55536
16579
99784
76258
21159
84881
28189
53980
19449
97305
68299
13981
50389
93574
3068
40851
75925
78057
66809
85502
743
59816
62858
55450
18273
3853
5833
95642
14380
55133
85124
20464
75948
11531
91800
15646
38372
73409
90838
6776
69045
80211
8534
64858
70486
17673
69103
2924
50617
65974
2548
79847
883
97527
16061
6813
67253
71150
90427
38775
9570
73039
37737
86287
95909
88435
60570
74217
56050
18857
61933
55347
7070
81329
18006
26974
25295
35003
17496
27122
7165
45065
8546
2772
75705
66050
26312
78908
97531
100199
85173
64774
29328
79697
53682
86433
13426
62979
59261
22047
73553
50212
75699
83399
96335
56385
97278
68897
698
100349
7958
84472
22972
93967
94460
6462
62198
44035
50574
28676
81905
99118
95716
21533
57464
96308
87418
95558
4223
6552
98943
47587
37264
76626
7177
31186
39437
97868
98499
78139
49474
81841
86992
57791
89138
6470
15134
70379
86544
55682
78143
87315
77816
75298
68233
95644
84065
21346
69970
13584
96306
72963
25790
79845
20645
17395
55499
24074
66587
59834
5952
93457
68301
91722
64589
72895
88388
26006
55571
29636
37513
99157
7942
79993
3627
64488
70077
33731
83325
62159
88503
98555
46644
22236
3255
18316
100711
32436
15453
98740
5592
90867
14729
30413
78131
10688
97718
22567
75368
67004
100793
6698
48911
74172
29749
59945
19872
57577
65606
78797
92421
57234
61600
86752
25644
56338
86456
64377
33673
45756
62823
29558
66893
56716
4657
12470
698
20571
62899
99235
53193
45770
17467
36487
74001
12022
97860
34331
2848
29564
96423
90581
88499
9060
19819
28477
90575
40144
99379
43026
40058
76922
25702
63193
14137
73672
22012
96861
39651
27229
38409
16359
51945
9958
35396
94606
65230
3111
9691
92984
26974
68408
57022
78435
67512
11467
83808
13695
62309
34489
16201
36964
76030
67269
68897
39073
50434
32043
56239
100719
53392
92610
80721
45659
5993
65902
18968
24713
52767
23679
90100
33669
40150
100867
76622
27716
22224
76441
38512
99385
8180
21788
40214
11253
13428
9726
66603
23038
89913
28374
17673
33527
37480
59606
328
36469
34259
3405
50788
71582
22018
64751
59645
96464
43295
21907
93311
29476
20982
61380
17200
35322
17798
35184
77280
43404
21167
77294
84503
33007
38331
90914
18055
24333
1335
84696
46247
49696
14947
30559
5812
1329
92906
60038
21159
84310
68492
25601
33924
5621
84731
295
76186
99677
80213
86353
16394
49248
38699
46847
55205
67483
73629
6435
45949
47439
47550
61343
76437
83319
67633
95613
33778
37850
94462
14803
34111
97350
55746
28010
94466
40409
64013
31223
71693
17348
61703
92538
10326
12877
56537
33231
58928
32746
18577
54578
45472
51869
46660
51390
40613
100828
26900
16526
32732
83989
47211
34555
92894
57162
32968
99535
12131
5093
20614
21058
41180
98444
87574
6328
49937
15282
94388
13502
99348
74371
25046
27755
95944
90351
19091
11272
58716
59750
25683
13463
30411
52683
40002
50467
3401
37486
93796
89428
51686
90618
3553
98458
80663
55709
15210
45433
43071
60685
78028
56757
81915
100787
47211
66180
87395
45182
11763
21928
96308
40549
69376
31262
61456
97120
6573
49766
67598
91167
72766
57573
75744
29192
27155
76762
19856
41922
17876
14799
95132
4186
18910
50132
94096
13399
21424
81140
815
60309
76365
14468
43365
73596
13981
70260
44255
33669
5666
3255
52208
76371
27885
764
27042
30261
48687
87656
5327
73062
57641
41552
83362
84618
93385
29735
80924
37963
46175
85946
88244
64899
45293
589
95979
66562
48383
12984
61740
76550
98417
95054
74963
88898
16503
82246
7136
2133
47643
4474
75074
56346
65382
98721
38557
44736
14803
7253
24532
46430
56726
22647
43137
3909
14279
100493
27671
34331
67047
56089
36487
59129
23371
45326
77779
86692
31475
31373
65773
4427
52722
47176
28857
43887
36596
51248
13658
61608
16312
93502
57349
19058
16168
54132
47322
73962
71294
62903
33665
39920
75927
35211
45700
63456
79138
59900
43425
27455
55947
68745
55092
59016
26933
68373
72396
4427
6573
20094
6252
97496
98752
94263
31437
28596
69489
30493
59789
1689
75853
97015
31194
29453
15638
8867
15564
94797
33628
63567
48467
1146
3103
98528
55838
77520
63664
73109
43696
97973
84209
50208
48393
52249
82544
100639
76326
77962
24906
74108
82285
12509
78367
13175
63563
61534
92651
93856
68042
67339
39815
11317
41102
32267
37817
75851
66410
38409
20684
51824
68196
47754
52761
72558
84659
95428
88647
19021
28810
100637
24974
28972
97038
57458
5777
88207
85724
84470
61888
9570
37406
35260
4575
20604
22491
14914
16316
87722
15913
42703
84359
64005
45030
53094
80943
49914
3798
40771
100450
78168
67676
77960
81364
74371
44064
60313
89841
64155
55191
70038
40037
13243
31601
51653
76924
28337
59795
43961
43733
53275
19909
14351
15465
39585
3222
86242
70379
80807
96016
55283
17535
24703
61016
42627
27967
21644
76367
21788
12530
59643
85917
16869
54895
95866
82552
70739
96861
96458
37256
14838
23498
29772
30189
6143
10661
84947
54451
97315
11728
99786
97718
57571
11800
34785
23492
81619
78361
23416
8291
22351
69524
68529
98828
54393
98717
86131
98602
51610
51949
11465
12213
30290
13800
14057
90094
1187
49382
82238
42886
17498
38393
82700
52132
23015
76737
10799
68638
36672
72630
72663
75430
24008
13132
64083
76852
42508
81099
57226
18904
62591
30567
95003
67306
100752
78879
46253
85763
16756
48399
96310
2774
64823
76558
49659
60167
88357
80774
88840
59575
12086
35412
5514
79944
74891
13788
1633
17763
78922
84281
27420
69261
82497
73294
96935
60979
46730
40510
11621
1220
6546
16505
75109
9769
41038
100571
68194
31677
50101
23128
36913
65491
74949
27710
9140
49803
9987
7516
24304
88657
99155
13251
63933
8108
3808
24869
5627
85025
6139
35667
46880
73072
65783
6922
54543
33147
41256
85545
54687
41332
73964
86951
64747
12205
56681
99348
19348
90470
59417
52210
61752
74227
80924
52911
84347
88546
39330
92468
51394
13325
34370
65859
38962
36775
30715
70361
61018
89981
53119
61156
80174
79833
92801
87763
20129
37998
60603
40333
26382
34841
44646
78443
35784
35673
48023
15313
61606
1775
19163
91757
3000
60371
6034
50685
32002
88361
87175
5547
13356
97186
61236
64046
70712
6396
11323
31416
98236
43137
61493
39429
78435
1553
87788
44165
64936
61715
72745
99601
27229
40664
100088
5249
79214
27274
22053
83208
28339
30082
67343
18464
28707
25864
50064
90822
12509
5999
12135
67154
37653
45844
9625
31601
82509
44623
9362
88914
64163
19206
77738
37482
74182
43622
62457
35889
43515
62073
9068
79915
92764
30154
58350
69713
22298
56013
7323
50724
55894
37856
54239
36062
31410
34415
35817
54506
9697
5812
37850
83247
50582
10879
40773
55135
57717
53353
19642
55092
14945
6536
25381
36257
53061
70897
1960
28750
13173
24275
27605
20795
13876
90357
78149
29897
24045
20501
50915
100043
100158
72149
5545
85605
45885
24756
98752
18390
1800
67968
17500
60126
67047
55598
62011
80178
7479
2628
116
30485
26458
83658
13508
97942
71783
33332
9052
40631
17428
92949
51507
67012
58790
22631
58013
93578
79362
89064
46397
91950
1549
94460
37661
25905
29930
3631
46393
21077
25270
634
15800
24047
96390
50130
81660
48874
84051
74813
62295
14205
73964
67670
22462
16949
67623
89095
51879
97233
90168
22904
45844
86688
24499
519
556
59353
98053
4289
46800
9134
48837
13391
77658
28598
67855
61970
61962
69785
81691
7757
40808
4871
16875
45793
40835
25453
82626
523
62535
31807
31484
95484
24199
17539
14824
72850
71518
49509
26886
18643
74071
84051
98888
17911
81424
85679
3070
28078
4776
33223
73925
70858
44072
27340
38810
63748
77037
34111
38670
46033
84474
33451
75319
70379
80437
56570
97973
61277
58091
23860
43552
70813
84466
27161
75664
73775
95909
10324
83736
84865
83551
45550
51166
93868
68042
9099
99646
45719
99313
5146
54377
18209
34487
88795
10363
66706
84694
81701
79590
40111
19042
100859
43293
99603
83950
20310
64718
73284
63405
50023
9089
44693
93227
97679
89095
55612
7913
46031
30668
59421
76513
75958
31751
74172
57577
88795
52393
7035
85539
33287
53986
57865
65452
39221
96756
12135
30409
93866
37624
98456
4435
30012
7617
54757
58973
17091
49168
37172
65228
52537
41922
66673
82252
6961
63006
82756
25599
84098
40039
74889
9765
68437
3703
89841
61111
98898
49826
40169
38393
79777
56607
70657
21091
12729
33379
45367
37293
26524
86246
73111
44514
16470
19313
77964
96464
42806
29883
81697
44693
35961
43517
61682
69674
9348
4472
92094
29673
85097
30974
87430
79849
68566
76073
6129
98571
48319
71775
86250
18579
90760
46255
3631
62940
53318
32150
4546
8209
57633
10762
28707
55207
71600
64932
26016
59791
2281
26421
54685
56309
7802
51100
85798
88129
59419
46734
69510
7029
26491
41517
36514
31040
71545
74986
32637
48656
55836
33583
14211
22713
12322
81621
56570
36413
33361
41550
44461
66044
66527
38409
55450
89638
34374
6536
48991
61719
13529
19461
22160
11142
32966
112
1668
42730
83617
15527
74957
46991
50465
65676
80957
58907
8246
16801
22534
9767
36709
50695
63347
65680
47421
10918
10957
45386
38518
85763
25488
67919
9089
47729
82867
66449
100378
45624
85029
65966
44027
17021
11689
21529
49022
60718
38255
55571
37889
99198
66336
41850
19533
10324
53355
31227
73113
20382
32666
11475
57575
66379
50687
43758
92651
89654
73329
23704
59867
17387
37190
59409
28154
33334
46621
59197
1596
45986
36144
74994
38771
13611
58262
46033
98160
85578
63121
34335
3216
50085
76959
49470
43435
24602
100109
1109
30193
11467
77292
36043
99533
3483
16230
32148
20873
27774
53719
70743
51879
46282
90748
3773
47655
60500
56568
88168
15835
86540
70708
47392
87391
94744
99739
96639
16980
35408
41994
29901
67150
94855
90392
57596
10437
41548
35743
46644
71072
77549
33745
96530
86197
86863
36596
60231
52506
49579
58204
86918
3335
77103
37875
47458
10318
62451
9103
70120
20828
75115
94312
99443
73598
31192
73921
48173
47620
20530
18680
20567
42290
73802
67670
6955
89800
95831
85023
91488
46245
8838
52508
18949
25570
74998
63886
19461
54909
80513
21607
71968
72040
24489
71267
61417
1849
34804
8250
77697
75742
87800
52395
32080
70065
27747
66934
10176
99755
8238
70190
80846
79849
87243
74854
22890
36773
55205
35961
60087
46325
95299
9477
89323
13950
75255
42477
56893
40557
38625
47433
26302
25942
46839
39114
20762
10289
73699
29486
49953
56570
71666
7701
50397
14018
53053
58278
99720
34185
54126
86213
78575
10680
76696
58973
98824
74260
27301
83660
14787
63331
143
68305
92312
50621
66523
51760
93171
98045
68566
92717
10320
59534
42471
46829
63717
76369
3409
89064
15083
10801
71337
40148
1259
26896
21761
19239
69378
10421
98715
27494
58640
85545
5621
26941
88729
72447
79179
85173
21572
92949
99821
83134
21632
17058
96861
19833
27679
7849
64848
56757
8766
8914
73358
75405
77814
78620
58496
60482
66601
71413
21019
22014
5436
15539
71222
11872
52268
39774
86030
8653
54354
39540
84540
74143
60233
2552
26976
114
98900
23741
93572
10174
91426
72850
97223
69010
76920
6943
45386
21350
53873
42555
51390
79294
74745
10729
45398
96164
44144
81066
60011
23307
11099
17644
75697
36146
52169
5621
51176
53094
81512
60385
82312
9551
47916
100820
52136
54979
96631
68344
79218
67956
97531
5056
67372
28625
85068
26752
15613
88394
52860
54130
49102
9216
92690
95389
63312
91905
78474
86466
9977
87769
35967
30594
62751
79183
45809
100156
25147
75664
63273
80367
94573
40872
66901
87134
74924
74225
62011
73113
8768
90573
97823
3185
79323
83623
77629
80178
78593
65736
75444
25827
75370
11650
80211
78924
7360
59084
32933
39330
82608
33780
37071
80443
68712
13693
41686
13019
9615
41885
39850
64597
95235
47248
30898
10949
56356
49067
31231
76365
96160
41546
39665
85101
48173
86618
89944
29971
34742
62198
43583
2291
71508
48693
13506
77031
24785
43589
11880
64755
42364
37846
64786
76799
89416
949
44247
49879
71925
52461
6145
34925
37069
12789
31149
50759
66708
74920
4852
47355
9031
23718
100347
40333
26119
5588
27570
1985
34855
23313
83015
25936
78316
98754
96791
97233
57318
45067
67670
36483
2854
33225
45552
8394
74848
37005
75446
95050
5362
99381
33340
81917
47544
57162
15952
23963
70377
12509
55764
67230
21570
37338
75485
42185
62461
43729
13208
78731
17023
74513
74764
86131
19161
79619
85393
2957
33213
87800
66262
22682
82505
92094
50354
26156
19412
3444
1372
99903
17504
50465
19393
10920
63608
12022
32454
69898
83948
32148
15317
94014
42697
41069
85991
62451
82400
78776
58315
31889
95494
7173
70747
30635
56831
49694
3997
70638
53304
90238
63863
38738
79241
26968
90392
59240
96520
71775
21017
30234
76244
11919
25971
86493
65929
7362
70926
34483
49947
73025
98828
68340
482
64007
30668
55236
37554
86789
19835
51322
35969
77002
9956
95239
61859
31511
89138
71816
16452
88209
34631
64825
22310
76112
96612
25009
80877
99161
52239
27626
81475
10659
41885
98970
54858
99295
67526
27825
83952
86170
256
7609
19204
15278
54118
53501
75744
86493
92801
99936
87103
36592
96830
84766
58576
11642
6591
58017
46253
54833
8106
77103
37075
1475
31301
76513
26053
84363
82682
29305
6737
54950
31190
33895
20906
100195
14616
87206
34072
99755
35256
36483
34777
49135
63084
25998
74579
59205
73691
63016
90534
85689
77058
79882
85399
67594
18464
74334
53941
73633
62821
40738
77695
77514
82764
31046
28522
17948
23120
6517
59205
19412
12466
73154
60344
65199
27083
3882
18540
59127
47248
2659
10328
21983
56642
50048
856
96224
68418
37542
48161
56319
83362
98164
23418
66050
12250
62163
1884
8460
23122
17728
82803
88760
84310
47801
35375
86826
21424
64120
1814
9216
19352
79109
81054
72618
11948
71489
74667
95017
60013
37967
95278
10022
8867
43217
37815
16355
71855
2815
78478
10616
75925
70486
50171
93169
75588
2392
9845
30263
20781
34444
99969
17340
24740
81839
50730
71378
77002
48901
8238
43998
92682
25570
58048
55238
519
81514
78982
61127
3808
99202
72038
18820
61273
12612
24900
18830
83866
35073
13278
82357
45848
82803
53230
52656
43499
46029
51647
35256
54391
63886
26035
49838
86250
83459
83134
4626
14953
28896
73857
19272
52241
12612
80805
35632
83728
46841
90612
5440
78887
50759
58048
47947
65670
64636
77029
99858
4612
3983
98534
16201
23751
25120
71781
96863
86641
77921
99788
21817
9175
71222
22532
54722
58531
83792
87358
24423
72447
78612
51725
97278
6881
16729
41546
8830
702
81029
57832
11132
91461
38335
92209
53727
42019
24571
13245
100787
66971
14972
24828
69705
44514
11101
1245
23829
69711
75183
62858
63896
87097
72026
41982
94795
95983
16386
52136
74634
28789
27749
60786
64079
38966
33297
24203
26904
46031
88575
48954
63051
32187
93794
68595
64788
88172
27562
64825
33657
39147
31229
70414
98999
18059
2735
22945
12096
52619
100569
69631
32851
83800
52461
30105
6513
44767
30567
80916
10503
57355
29377
5294
23593
21535
53980
31416
32041
16209
23237
47912
91599
31077
29782
67290
95426
94458
12353
90055
29157
73516
38995
69010
7664
60461
2963
95167
18203
65822
81654
41287
25825
84429
3294
45626
13578
11438
36483
13566
57238
20384
81923
72515
58389
22240
33480
8215
93274
79629
58410
71886
41622
41406
79722
24164
9496
19459
86176
68928
57781
23823
99126
87249
94608
24867
60157
68338
7845
19116
31747
14361
38000
5722
17393
46876
4297
6065
44424
50909
58714
81995
69115
38134
16452
33153
95054
11393
88972
89500
13689
56531
17755
9800
11541
100719
90542
72299
95447
12419
80018
4992
34191
36559
40288
98528
32510
72112
60942
96273
57057
54278
38615
53318
97461
100783
45916
19792
38446
10988
88166
67142
64120
54874
80474
85457
18499
69991
95720
13241
5294
62702
51731
77668
95854
89393
48798
43807
66484
41770
71261
25979
10577
86427
12326
94744
72521
13732
98345
71633
99050
11354
97751
25085
27235
56798
65598
84875
39252
93130
50576
37153
42440
47398
51357
93531
77216
90793
21188
15691
50317
48617
46658
58817
44387
23975
46105
56169
54611
83956
71841
58827
49242
12057
5958
12770
64420
54015
88935
20865
68566
78404
9216
33739
62938
46876
62786
63269
3592
72221
42142
15463
61341
85013
19095
83792
47458
59861
44142
44294
87058
64829
49472
57869
4094
24524
58352
96890
54570
63886
40298
23163
34668
79222
50381
17833
21755
26341
35926
90647
505
7884
71333
36849
86170
13391
13455
62640
100051
66268
94053
1666
8032
77539
86945
64552
83533
38401
62788
34668
86207
1808
15617
4328
1734
32193
11864
18542
68825
26608
13206
55125
66377
40520
64673
79625
76807
63789
50362
40960
25017
31079
61232
99525
57536
70745
21788
96863
18875
12396
75245
22205
40843
22113
20236
29883
46658
24382
54895
98555
34814
32339
63016
55793
3251
2698
50648
8293
17535
76147
26820
34730
40035
72922
71267
38736
73779
61417
42693
82583
87249
12308
22419
30929
21313
3925
91459
85027
589
49057
80293
79917
90951
51435
59162
82431
80517
22121
38504
11502
86947
2910
1327
62196
97753
80517
98592
7368
4575
89942
60753
16711
1927
45735
28487
7255
36740
43110
89208
13880
45474
10768
67485
57168
19198
25453
32748
28750
67970
6071
97823
40296
80980
52471
20680
90563
11272
94966
58796
51433
27671
69156
7582
89802
100715
40261
39846
52796
30263
26491
27274
2114
36588
6028
1553
72618
47106
9358
100376
74079
71335
23050
84098
89009
46921
62054
47310
13837
88398
85864
38962
52615
74735
64679
65411
60646
62644
23075
55273
99307
8986
13360
468
50093
34923
99159
2963
94123
69740
48545
88285
55503
56198
78554
70895
71816
9066
80624
88612
34259
49803
30327
23453
9023
61458
71101
90156
41108
46173
98832
53540
88501
71818
11827
11362
51945
33184
98721
53094
93930
81025
56126
65750
51542
78353
93597
75372
2883
97829
44514
23492
34966
66379
92532
22793
12914
16933
90637
43439
70821
11358
24267
21716
50913
34744
57355
99823
76104
84990
39774
22372
26746
774
92949
70408
57349
9286
83800
86760
74889
73802
57781
34296
62420
81514
97186
1662
27194
10846
10546
20832
94760
50841
93792
84252
83804
64126
90026
68153
40613
30586
60870
1740
9397
5479
43511
35739
63238
68969
36765
94571
31899
62344
67454
29901
1555
41145
11993
7695
64755
81469
85249
78550
42366
14795
7921
27233
26310
99938
33334
14435
94427
29560
79545
28047
96787
52428
97792
21558
33038
47470
91800
16275
55006
77335
43515
77699
58235
23011
26526
99270
65824
61592
6256
59824
7107
43544
61814
32853
42884
85993
74554
58019
91266
84873
72488
11697
58278
8655
23408
40257
83436
38966
13360
28308
34150
50023
57353
28107
30863
63234
25459
71072
77477
11027
90764
27229
22639
91646
13210
1329
96717
99073
37661
65273
71483
71261
54007
67660
61828
83284
51318
85420
58681
67232
76817
89952
50580
58570
58202
47807
95535
84032
71333
87944
29743
43071
49098
88875
40732
57059
69666
84098
28380
74665
67226
81397
38660
66122
53470
39244
46514
48494
46469
59053
12579
12585
37782
72544
52064
54091
52749
42588
77810
22573
79370
6846
16433
49949
72151
23675
10067
11508
58891
5703
38594
37069
1257
56276
38216
75549
93681
31190
3039
75074
91469
2032
85841
44136
17796
90637
32524
90896
82881
89210
35665
61534
98423
10735
71152
34078
2445
15342
56198
26789
12392
394
60445
27116
55020
74552
34448
62200
67378
34263
52796
54796
60749
21373
80509
42584
78760
25827
10172
51984
2291
60334
35961
51842
87023
31488
44401
35700
18199
76067
55392
1446
42255
33075
40144
29344
93190
81436
90396
75107
18466
54759
21936
31788
1855
16024
42767
32409
100191
59816
4992
81025
59261
56350
31408
45735
92986
80994
85753
59898
5771
74373
16692
92978
16793
29780
15837
628
10842
11827
42870
75812
18598
41550
25007
29860
12881
7993
39622
8285
59417
96964
17303
5403
67742
30376
40187
22201
29698
77775
16711
4538
42241
66529
59528
39437
42288
6696
95605
100049
14472
20645
85880
67972
44290
15915
38919
80332
18394
69565
35636
64449
9948
95829
5175
71111
91459
18135
23122
16600
57575
77095
14729
92059
70675
22053
88984
96409
38035
98748
31603
11395
95239
6435
42366
24715
55968
99498
82996
48771
49984
49289
72811
19422
59020
97274
64340
62453
18277
65894
63123
47754
57497
97482
86731
90655
79722
53982
76478
56097
16425
83327
5444
80996
6920
43770
48179
17747
76445
38401
95901
67150
22464
3872
46471
49799
43215
51209
2593
37283
42553
56420
40909
45663
12252
48506
47096
48909
81477
43433
37739
83052
61269
14207
515
34775
51065
7656
25776
44218
68301
38662
14232
57345
14721
24518
87062
12322
10433
46547
23963
52467
37848
40584
15983
81699
85582
61452
100627
21533
89685
71923
10577
36043
2667
47842
82624
15387
45990
5658
65485
54987
12419
88285
53534
62628
45365
63826
33509
77771
97346
37147
172
91414
39036
63709
3150
94133
95447
13434
13899
97722
97408
45957
32972
1179
813
68556
75514
5249
10731
2700
100970
83843
87936
86789
80552
73927
51205
65051
16392
52765
2511
71672
54247
92207
18838
93019
51244
17609
97204
60313
698
26035
54983
28125
20049
17393
18795
19301
42732
56827
42551
51172
88801
74149
44660
75060
95862
58426
66379
91091
32520
13907
74478
19755
33821
77317
67156
46249
19091
13097
59310
59534
94871
49801
50029
63637
44617
4057
2852
31038
64367
18203
92538
16760
87500
8034
89101
62081
9660
88750
100086
50323
23426
33116
78657
3440
94351
80729
66566
21447
58204
92795
42442
2149
27309
27416
83212
6887
12548
91987
61933
47542
12789
65931
44913
10135
33295
35815
55168
53277
23786
68492
12984
27922
55610
4550
83440
22224
71888
75481
73802
23001
86049
47651
77103
41215
11025
66305
46274
54578
44216
46459
41846
55569
35190
27190
98037
11989
21017
100604
88544
78926
3808
63604
100756
11101
95942
76141
34693
82396
66118
2326
95718
90758
66679
81091
40206
15619
12731
46621
2799
67450
48835
1847
7993
12248
27071
13543
36557
2367
80295
67785
19058
20834
62531
27862
63257
18793
91319
73004
36111
23463
14914
100310
67475
25605
89613
30123
36839
84030
33628
53341
65152
2474
5033
86429
21348
75444
13543
45809
16322
89564
52389
55939
44954
44054
33519
33046
91905
28785
46808
30216
24602
51209
75851
27560
32029
23603
44991
100183
75483
46804
87171
778
69639
42029
39854
47106
15387
26534
26754
82172
37702
34411
72593
61592
4476
20014
54276
95650
40761
6330
3921
19079
50907
59483
99459
100035
17317
98454
5218
86137
45807
80585
76219
65051
59131
17025
2918
85138
76778
5218
83438
46773
24452
85642
43943
88690
60305
59425
39614
3296
9755
33408
18429
74994
55653
62488
10953
8478
14244
9459
1035
6176
100341
60570
73590
5662
58907
40514
49764
77179
20016
33342
62118
59945
3658
100269
18413
75853
71853
36191
63479
49511
19868
34249
37505
23868
49285
21132
90762
57573
55162
96779
100162
29225
26894
93465
98148
1440
54944
31601
14427
7181
71008
43322
84550
62790
83362
76326
74149
25866
77703
19276
33889
53135
91903
5648
79255
15056
89722
73442
44292
84287
91266
99192
83015
99823
33741
41038
92894
73183
72227
46697
93687
95981
38444
7276
90316
47540
27231
80472
91683
33889
71970
99235
74517
92912
22832
45324
9107
44993
58603
58085
89874
91794
71397
90388
25451
67156
21204
53277
3687
11457
52397
4955
17763
22127
98569
66558
16045
85691
39207
74591
34117
13058
82848
13278
99089
31379
69917
77553
22039
86947
42814
47606
28670
75800
20559
3103
75185
16608
64307
92096
59760
10217
33075
19315
37301
60383
66965
55355
76585
54021
35667
44884
26563
25936
49770
81331
92129
47840
20312
83438
15023
17942
9845
73929
29449
53351
18228
60833
26310
95718
87576
60796
45587
89831
24900
21761
93940
100976
82509
33879
36247
66373
26524
30557
30853
9767
3148
24084
86530
61148
77407
28273
69816
51176
88172
55945
1516
90729
75146
100164
3076
38590
45135
34008
85872
24423
90526
93757
143
81728
81142
13695
95019
98304
93465
50911
25531
6959
42327
100715
40909
61090
31562
91720
26867
58015
40909
29449
76873
29636
10291
2517
34600
1189
100197
84542
18006
76780
19759
91461
22641
16170
76482
87278
59347
15761
65012
33120
84731
92413
10579
28043
19208
35589
44886
90910
69043
100534
50695
74856
83847
19504
34598
25313
32561
85286
98789
8764
76443
17572
13835
77510
52946
22347
36520
52613
26008
6795
99897
42368
53238
99157
78737
17200
67750
100010
24195
13210
93835
56800
92524
42847
29402
41908
22018
23237
72026
64229
51764
61534
63528
61777
57818
46841
89907
47976
63645
47065
57799
4741
59458
7405
28824
50500
16871
96238
92310
21202
2151
44732
94984
52490
12345
87208
76926
39445
93420
81987
66381
16462
12242
76369
33213
90119
100450
55721
15831
149
69779
71304
60381
19235
91171
51684
37891
87356
79810
37441
37560
53055
14581
93948
39632
85753
9475
87656
20020
45349
89395
41957
48430
51540
53246
99268
67824
80772
32113
48656
78881
76215
56985
17644
62702
63516
1152
17266
13011
93054
77584
91798
67308
56465
78400
22236
47842
55717
9397
82172
67335
9693
53415
31375
46808
35554
43961
13319
53875
36960
66229
88357
63861
85841
95484
854
94388
82108
39207
98602
73627
24493
59162
8830
37513
32740
68307
75446
68040
93317
44882
93190
13247
29809
7290
90949
64564
23223
31268
71890
63497
15305
10951
81405
77146
84947
99646
84396
62562
80143
69448
63674
100563
41256
88945
73477
79662
50469
98717
4649
56570
85568
32621
55353
23408
76073
30450
550
56494
84435
15823
18561
29930
53318
54276
8534
20497
258
7831
5481
32372
50695
53020
89506
16460
29809
22678
24832
74449
72778
97899
2096
56607
6141
53209
45645
6700
20041
35782
13722
8367
30010
30855
23940
27885
96980
35745
53830
73025
61421
62940
11272
3368
3076
25757
84472
66439
35036
90859
93574
33077
85917
88540
23741
75220
45063
27083
8916
98203
66488
50504
78887
15726
45275
19245
7438
49840
28896
29716
27737
64153
22310
84199
79440
89132
92384
76299
19169
89872
87159
69473
21241
75076
27309
64903
19130
61111
31418
95410
89027
31270
75553
92902
69818
59742
12322
13397
69559
85021
100345
20540
893
56533
97122
50206
47957
91467
42255
21163
55756
2521
28197
65004
97611
3103
15358
71711
60963
84657
67382
94020
52025
23905
95502
49692
15350
86271
42925
11983
15286
96758
51861
82386
29675
21644
81099
77058
46726
83993
81498
89023
71738
77516
44841
88943
79111
87500
75333
80883
70369
12916
51803
35521
20567
50167
88692
57390
27159
84696
2223
58903
89397
1189
49168
54317
83915
19272
84875
93644
21640
87103
64229
91611
92098
15021
91459
35599
24647
35581
66782
70743
47398
92910
11578
87362
98748
19944
60445
76466
25480
65717
41770
19426
96275
48206
5767
22978
74817
74653
58531
21167
65637
46089
2807
6731
15058
29821
19274
63713
21003
79434
14462
3551
99416
21613
28824
45178
97901
59686
87724
71397
69966
39334
22345
62747
33856
93167
14507
98495
85734
55532
21687
53978
43365
10661
96308
57275
43587
22528
8513
69703
9504
45552
36136
5611
65598
33745
67785
17126
69339
86657
44662
89173
85467
93868
46993
34152
21054
79658
73703
89767
97457
53499
91985
31881
23457
12363
52465
83837
8145
61678
92240
69448
16314
39299
67964
42288
50103
72396
2928
98939
30197
89467
34635
35877
92339
70706
85841
38812
23519
17017
14059
87825
16577
59419
8879
23644
3699
41961
24148
26898
100789
58942
83658
75097
79738
19060
94799
97646
46769
69732
51129
49400
92466
5366
14984
57571
32787
47283
4256
15650
83726
59458
32084
40074
6842
42185
69962
2252
40845
27930
32510
5851
96682
50132
8349
73115
77029
76998
77773
51838
68336
25829
93535
75364
88020
519
27122
14322
1294
11975
95891
18339
46689
80141
11841
31141
12686
27671
49770
24351
76881
15615
96039
95095
88653
71590
31521
2254
55061
13270
83216
62233
73773
87611
6869
2256
334
44697
23418
63199
70821
43955
1039
92098
92867
52915
58015
58650
90618
76221
35262
6737
68379
44876
57310
100086
11099
37817
82914
34035
57497
20314
8807
36958
98012
21872
95278
59536
94096
90682
96902
30937
19050
89241
46940
50027
60163
30265
19467
11549
33858
59460
50455
6795
14879
26489
14838
39778
71855
21903
87029
46210
51612
55392
15280
16612
77991
1031
8883
51357
35219
52358
5440
98082
62480
39540
65119
56169
77921
20078
22610
51322
6092
41279
84799
99498
88244
23307
48987
23755
74591
31373
92273
4435
58054
20308
50169
51135
83286
75919
83730
40697
29118
85434
7461
70595
77983
12937
25124
99202
90394
64671
95780
85576
65329
54093
20828
52761
55349
26010
48087
28302
52165
87473
97496
40890
78324
41963
78295
76854
41464
53279
58558
24407
42138
60644
82696
64256
34664
29155
63368
71076
87381
16949
96832
48510
91467
76889
66118
11531
13208
32177
40066
76003
93494
1070
80700
28861
21716
46806
9200
96168
69333
78811
11309
12585
31410
46399
61933
78776
22203
88168
6314
47624
31375
22721
44387
80992
16612
13171
75142
72211
13418
24053
18579
12100
69154
56687
27007
64932
37116
41408
27930
54689
97640
9985
84840
5921
74371
84692
58428
76846
77547
47458
4834
65043
87804
95161
44919
3539
54759
72192
82468
58761
90608
47546
72665
87714
63349
82846
58091
43322
36335
90349
18353
20873
447
99895
10540
74959
94386
68260
93461
62673
11286
3514
57795
97272
48284
92464
18949
887
24419
40995
28117
5144
89058
89062
11169
29562
99601
34855
57170
37626
25566
92339
95899
63125
27005
67306
45135
35001
90762
21309
22904
60235
41737
67750
40520
34323
64823
99747
31640
95167
82988
69191
88947
32343
94719
53526
97603
27013
68149
73927
100602
76698
32454
60977
30417
25827
22927
83763
90832
29531
66513
77148
70969
90941
15761
42130
35885
63791
73189
3072
18820
23268
48919
41774
445
23537
59834
45061
69555
3835
57199
40594
82941
21864
33998
1666
82030
11845
64071
44757
26341
3995
56449
52841
50728
50862
42738
1962
59828
43145
22982
73006
16949
21568
35589
61259
94382
5769
33305
42033
75146
100341
78390
37930
47844
49234
85576
91340
20277
57799
81220
52576
37994
86585
54895
32378
99192
92061
18684
72597
90008
83214
6770
34222
90655
97796
75812
22271
15206
26643
88084
77214
95903
46060
95385
5995
14984
22380
46625
50991
60753
10957
90378
91315
42777
62480
43924
41883
99961
96298
57571
3298
94053
21718
86838
52541
58568
8996
49567
93782
60371
31891
46736
13204
76114
45770
52062
2369
7775
75337
12805
31854
85993
11724
19161
4852
19420
57485
21722
27451
14725
56227
15915
53505
57744
6184
20818
6661
25895
46508
14912
91728
98674
44621
14542
25564
52212
51246
1966
79253
82579
86501
41513
88501
77923
68038
38033
80258
36555
11732
31188
35211
12049
53497
25303
62628
13806
68936
97231
71374
9403
4920
34820
62480
2223
42545
4184
75781
80030
41589
35632
59460
53610
59682
79214
56167
44979
33223
84106
16540
79518
61162
87021
88055
92614
34989
16201
33361
69917
3539
53986
90020
66786
68157
3473
58558
78587
36781
64930
91282
61460
1438
6332
19093
26405
1586
91134
33223
50510
88390
91422
12686
78813
10957
2624
62710
16394
93169
49176
8626
33597
49176
14912
56944
22121
81216
78186
16137
89870
49879
8396
44027
75744
100487
62940
63497
22166
190
89397
56021
39577
14139
19128
39106
39133
19720
23823
71372
37439
40724
40697
49686
46171
61604
13541
95753
99638
32362
1956
35340
88612
93500
42315
29490
3958
66159
73006
2439
6552
1257
60381
77292
68862
76688
81847
17424
67820
72850
49945
35914
24082
94493
93837
12131
5389
96205
21521
33075
44257
31149
39373
55653
42366
45793
92614
42771
61941
69668
54572
34407
18573
88616
94152
44506
32520
97334
71785
332
100534
61606
65855
69518
92799
46440
22604
28273
98637
83459
77849
83237
57941
84532
97297
35581
63960
32483
33739
57300
21722
98312
2737
18320
98164
59002
9327
80063
94127
36218
93153
48432
30779
63532
69415
50954
31326
48660
86172
81654
23897
8291
14873
18764
20614
74961
55721
31410
36185
1592
19338
2961
46765
34631
19227
56800
12170
4659
87543
55283
8692
70776
86250
6425
